# drones,matchingModel,contraction,alpha,distance,duration,disconnectedMoments,avg reachability
6,Min Sum,Full-Contraction,1.0,1054.0925533894597,55,0,1.0
6,Min Sum,Full-Contraction,1.0,1225.684419336347,75,0,1.0
6,Min Sum,Full-Contraction,1.0,1078.8111219362913,59,0,1.0
6,Min Sum,Full-Contraction,1.0,1078.8111219362913,55,0,1.0
6,Min Sum,Full-Contraction,1.0,1147.0821179526724,58,0,1.0
6,Min Sum,Full-Contraction,1.0,1060.7736659894774,67,0,1.0
6,Min Sum,Full-Contraction,1.0,1197.8459207625501,74,0,1.0
6,Min Sum,Full-Contraction,1.0,1060.7736659894774,67,0,1.0
6,Min Sum,Full-Contraction,1.0,1225.684419336347,75,0,1.0
6,Min Sum,Full-Contraction,1.0,1188.6940514040368,67,0,1.0
6,Min Sum,Full-Contraction,1.0,1054.0925533894597,54,0,1.0
6,Min Sum,Full-Contraction,1.0,1273.6714870787973,75,0,1.0
6,Min Sum,Full-Contraction,1.0,1000.8019568131263,54,0,1.0
6,Min Sum,Full-Contraction,1.0,1273.6714870787973,75,0,1.0
6,Min Sum,Full-Contraction,1.0,1147.0821179526724,58,0,1.0
6,Min Sum,Full-Contraction,1.0,1342.1809513497642,81,0,1.0
6,Min Sum,Full-Contraction,1.0,1227.8394780823512,69,0,1.0
6,Min Sum,Full-Contraction,1.0,1060.7736659894774,67,0,1.0
6,Min Sum,Full-Contraction,1.0,1054.0925533894597,59,0,1.0
6,Min Sum,Full-Contraction,1.0,828.892447965977,54,0,1.0
6,Min Sum,Full-Contraction,1.0,1225.684419336347,75,0,1.0
6,Min Sum,Full-Contraction,1.0,1245.8329885050005,74,0,1.0
6,Min Sum,Full-Contraction,1.0,853.6110165128089,55,0,1.0
6,Min Sum,Full-Contraction,1.0,1078.8111219362913,55,0,1.0
6,Min Sum,Full-Contraction,1.0,1188.6940514040368,71,0,1.0
6,Min Sum,Full-Contraction,1.0,1333.9608391554102,69,0,1.0
6,Min Sum,Full-Contraction,1.0,870.2339480609631,55,0,1.0
6,Min Sum,Full-Contraction,1.0,1273.6714870787973,75,0,1.0
6,Min Sum,Full-Contraction,1.0,1060.7736659894774,67,0,1.0
6,Min Sum,Full-Contraction,1.0,1188.6940514040368,67,0,1.0
6,Min Sum,Full-Contraction,1.0,853.6110165128089,55,0,1.0
6,Min Sum,Full-Contraction,1.0,1139.5477872345584,71,0,1.0
6,Min Sum,Full-Contraction,1.0,1054.0925533894597,54,0,1.0
6,Min Sum,Full-Contraction,1.0,907.1047517277759,55,0,1.0
6,Min Sum,Full-Contraction,1.0,1139.5477872345584,71,0,1.0
6,Min Sum,Full-Contraction,1.0,1273.6714870787973,75,0,1.0
6,Min Sum,Full-Contraction,1.0,1028.1561559738268,53,0,1.0
6,Min Sum,Full-Contraction,1.0,1333.9608391554102,71,0,1.0
6,Min Sum,Full-Contraction,1.0,921.8820125291898,59,0,1.0
6,Min Sum,Full-Contraction,1.0,963.4939459805541,60,0,1.0
6,Min Sum,Full-Contraction,1.0,1188.6940514040368,67,0,1.0
6,Min Sum,Full-Contraction,1.0,1147.0821179526724,60,0,1.0
6,Min Sum,Full-Contraction,1.0,1147.0821179526724,60,0,1.0
6,Min Sum,Full-Contraction,1.0,1139.5477872345584,71,0,1.0
6,Min Sum,Full-Contraction,1.0,1246.6140481921598,63,0,1.0
6,Min Sum,Full-Contraction,1.0,1147.0821179526724,58,0,1.0
6,Min Sum,Full-Contraction,1.0,907.1047517277758,59,0,1.0
6,Min Sum,Full-Contraction,1.0,907.1047517277758,59,0,1.0
6,Min Sum,Full-Contraction,1.0,1093.1709909964084,69,0,1.0
6,Min Sum,Full-Contraction,1.0,1093.1709909964084,69,0,1.0
6,Min Sum,Full-Contraction,1.0,1273.6714870787973,75,0,1.0
6,Min Sum,Full-Contraction,1.0,963.4939459805541,62,0,1.0
6,Min Sum,Full-Contraction,1.0,1054.0925533894597,54,0,1.0
6,Min Sum,Full-Contraction,1.0,907.1047517277758,59,0,1.0
6,Min Sum,Full-Contraction,1.0,1054.0925533894597,54,0,1.0
6,Min Sum,Full-Contraction,1.0,870.2339480609631,53,0,1.0
6,Min Sum,Full-Contraction,1.0,1333.9608391554102,71,0,1.0
6,Min Sum,Full-Contraction,1.0,1227.8394780823512,69,0,1.0
6,Min Sum,Full-Contraction,1.0,1078.8111219362913,55,0,1.0
6,Min Sum,Full-Contraction,1.0,1093.1709909964084,69,0,1.0
6,Min Sum,Full-Contraction,1.0,1054.0925533894597,55,0,1.0
6,Min Sum,Full-Contraction,1.0,1078.8111219362913,60,0,1.0
6,Min Sum,Full-Contraction,1.0,1054.0925533894597,62,0,1.0
6,Min Sum,Full-Contraction,1.0,1333.9608391554102,71,0,1.0
6,Min Sum,Full-Contraction,1.0,1054.0925533894597,54,0,1.0
6,Min Sum,Full-Contraction,1.0,1061.3387554127685,54,0,1.0
6,Min Sum,Full-Contraction,1.0,1254.5505430010032,63,0,1.0
6,Min Sum,Full-Contraction,1.0,954.8196361357308,53,0,1.0
6,Min Sum,Full-Contraction,1.0,1061.3387554127685,54,0,1.0
6,Min Sum,Full-Contraction,1.0,1048.5565559200616,61,0,1.0
6,Min Sum,Full-Contraction,1.0,1094.0694581274001,58,0,1.0
6,Min Sum,Full-Contraction,1.0,1258.6806764698326,66,0,1.0
6,Min Sum,Full-Contraction,1.0,1094.0694581274001,58,0,1.0
6,Min Sum,Full-Contraction,1.0,1234.8680104160715,65,0,1.0
6,Min Sum,Full-Contraction,1.0,1094.0694581274001,58,0,1.0
6,Min Sum,Full-Contraction,1.0,1061.3387554127685,57,0,1.0
6,Min Sum,Full-Contraction,1.0,1254.5505430010032,63,0,1.0
6,Min Sum,Full-Contraction,1.0,1030.1140936938323,57,0,1.0
6,Min Sum,Full-Contraction,1.0,1254.5505430010032,63,0,1.0
6,Min Sum,Full-Contraction,1.0,1048.5565559200616,61,0,1.0
6,Min Sum,Full-Contraction,1.0,1375.8479774410323,72,0,1.0
6,Min Sum,Full-Contraction,1.0,1043.7176263425501,56,0,1.0
6,Min Sum,Full-Contraction,1.0,954.8196361357308,58,0,1.0
6,Min Sum,Full-Contraction,1.0,943.2527552040877,53,0,1.0
6,Min Sum,Full-Contraction,1.0,907.9491648940487,54,0,1.0
6,Min Sum,Full-Contraction,1.0,1234.8680104160715,65,0,1.0
6,Min Sum,Full-Contraction,1.0,1258.6806764698326,66,0,1.0
6,Min Sum,Full-Contraction,1.0,935.7112565078801,48,0,1.0
6,Min Sum,Full-Contraction,1.0,935.7112565078801,48,0,1.0
6,Min Sum,Full-Contraction,1.0,919.3853118118557,58,0,1.0
6,Min Sum,Full-Contraction,1.0,1104.6880674053668,58,0,1.0
6,Min Sum,Full-Contraction,1.0,963.3912531645569,51,0,1.0
6,Min Sum,Full-Contraction,1.0,1254.5505430010032,63,0,1.0
6,Min Sum,Full-Contraction,1.0,1094.0694581274001,58,0,1.0
6,Min Sum,Full-Contraction,1.0,1104.6880674053668,56,0,1.0
6,Min Sum,Full-Contraction,1.0,941.2591719205034,54,0,1.0
6,Min Sum,Full-Contraction,1.0,845.3167351233203,58,0,1.0
6,Min Sum,Full-Contraction,1.0,1061.3387554127685,54,0,1.0
6,Min Sum,Full-Contraction,1.0,935.7112565078801,48,0,1.0
6,Min Sum,Full-Contraction,1.0,1054.1014484893767,58,0,1.0
6,Min Sum,Full-Contraction,1.0,1254.5505430010032,63,0,1.0
6,Min Sum,Full-Contraction,1.0,963.3912531645569,49,0,1.0
6,Min Sum,Full-Contraction,1.0,951.2984768866469,58,0,1.0
6,Min Sum,Full-Contraction,1.0,1150.852498245215,63,0,1.0
6,Min Sum,Full-Contraction,1.0,989.604823003891,51,0,1.0
6,Min Sum,Full-Contraction,1.0,1094.0694581274001,58,0,1.0
6,Min Sum,Full-Contraction,1.0,1201.9461464387814,61,0,1.0
6,Min Sum,Full-Contraction,1.0,1048.5565559200616,61,0,1.0
6,Min Sum,Full-Contraction,1.0,1122.5822056439197,60,0,1.0
6,Min Sum,Full-Contraction,1.0,1228.7031089548286,62,0,1.0
6,Min Sum,Full-Contraction,1.0,1048.5565559200616,61,0,1.0
6,Min Sum,Full-Contraction,1.0,885.0407966893431,53,0,1.0
6,Min Sum,Full-Contraction,1.0,921.2379785451215,53,0,1.0
6,Min Sum,Full-Contraction,1.0,1054.1014484893767,57,0,1.0
6,Min Sum,Full-Contraction,1.0,1043.7176263425501,56,0,1.0
6,Min Sum,Full-Contraction,1.0,1254.5505430010032,63,0,1.0
6,Min Sum,Full-Contraction,1.0,954.8196361357308,56,0,1.0
6,Min Sum,Full-Contraction,1.0,1061.3387554127685,54,0,1.0
6,Min Sum,Full-Contraction,1.0,954.8196361357308,53,0,1.0
6,Min Sum,Full-Contraction,1.0,1061.3387554127685,56,0,1.0
6,Min Sum,Full-Contraction,1.0,963.3912531645569,49,0,1.0
6,Min Sum,Full-Contraction,1.0,1155.039899190217,58,0,1.0
6,Min Sum,Full-Contraction,1.0,1094.0694581274001,58,0,1.0
6,Min Sum,Full-Contraction,1.0,963.3912531645569,53,0,1.0
6,Min Sum,Full-Contraction,1.0,1043.7176263425501,56,0,1.0
6,Min Sum,Full-Contraction,1.0,1061.3387554127685,54,0,1.0
6,Min Sum,Full-Contraction,1.0,921.2379785451215,53,0,1.0
6,Min Sum,Full-Contraction,1.0,1061.3387554127685,54,0,1.0
6,Min Sum,Full-Contraction,1.0,951.2984768866469,58,0,1.0
6,Min Sum,Full-Contraction,1.0,1061.3387554127685,57,0,1.0
6,Min Sum,Full-Contraction,1.0,1344.6725000709207,72,0,1.0
6,Min Sum,Full-Contraction,1.0,1166.19037896906,58,0,1.0
6,Min Sum,Full-Contraction,1.0,1488.6337032982717,74,0,1.0
6,Min Sum,Full-Contraction,1.0,1443.3277161887927,74,0,1.0
6,Min Sum,Full-Contraction,1.0,1488.6337032982717,80,0,1.0
6,Min Sum,Full-Contraction,1.0,1372.9473667624425,76,0,1.0
6,Min Sum,Full-Contraction,1.0,1290.2019706710776,76,0,1.0
6,Min Sum,Full-Contraction,1.0,1290.2019706710776,67,0,1.0
6,Min Sum,Full-Contraction,1.0,1185.8413792983192,67,0,1.0
6,Min Sum,Full-Contraction,1.0,1092.9971408438084,55,0,1.0
6,Min Sum,Full-Contraction,1.0,1284.4965954161912,72,0,1.0
6,Min Sum,Full-Contraction,1.0,1166.19037896906,58,0,1.0
6,Min Sum,Full-Contraction,1.0,1531.778487535044,76,0,1.0
6,Min Sum,Full-Contraction,1.0,1092.9971408438084,58,0,1.0
6,Min Sum,Full-Contraction,1.0,1488.6337032982717,80,0,1.0
6,Min Sum,Full-Contraction,1.0,1092.9971408438084,67,0,1.0
6,Min Sum,Full-Contraction,1.0,1166.19037896906,58,0,1.0
6,Min Sum,Full-Contraction,1.0,1372.9473667624425,76,0,1.0
6,Min Sum,Full-Contraction,1.0,1329.8025825256702,74,0,1.0
6,Min Sum,Full-Contraction,1.0,1166.19037896906,72,0,1.0
6,Min Sum,Full-Contraction,1.0,1131.370849898476,64,0,1.0
6,Min Sum,Full-Contraction,1.0,1290.2019706710776,67,0,1.0
6,Min Sum,Full-Contraction,1.0,1166.19037896906,58,0,1.0
6,Min Sum,Full-Contraction,1.0,1166.19037896906,64,0,1.0
6,Min Sum,Full-Contraction,1.0,1092.9971408438084,55,0,1.0
6,Min Sum,Full-Contraction,1.0,1092.9971408438084,55,0,1.0
6,Min Sum,Full-Contraction,1.0,1290.2019706710776,67,0,1.0
6,Min Sum,Full-Contraction,1.0,1166.19037896906,58,0,1.0
6,Min Sum,Full-Contraction,1.0,1185.8413792983192,67,0,1.0
6,Min Sum,Full-Contraction,1.0,1092.9971408438084,55,0,1.0
6,Min Sum,Full-Contraction,1.0,1166.19037896906,72,0,1.0
6,Min Sum,Full-Contraction,1.0,1131.370849898476,64,0,1.0
6,Min Sum,Full-Contraction,1.0,1166.19037896906,72,0,1.0
6,Min Sum,Full-Contraction,1.0,1166.19037896906,58,0,1.0
6,Min Sum,Full-Contraction,1.0,1443.3277161887927,72,0,1.0
6,Min Sum,Full-Contraction,1.0,1166.19037896906,58,0,1.0
6,Min Sum,Full-Contraction,1.0,1290.2019706710776,67,0,1.0
6,Min Sum,Full-Contraction,1.0,1092.9971408438084,55,0,1.0
6,Min Sum,Full-Contraction,1.0,1612.65820358323,80,0,1.0
6,Min Sum,Full-Contraction,1.0,1166.19037896906,64,0,1.0
6,Min Sum,Full-Contraction,1.0,1092.9971408438084,55,0,1.0
6,Min Sum,Full-Contraction,1.0,1488.6337032982717,80,0,1.0
6,Min Sum,Full-Contraction,1.0,1488.6337032982717,80,0,1.0
6,Min Sum,Full-Contraction,1.0,1185.8413792983192,67,0,1.0
6,Min Sum,Full-Contraction,1.0,1290.2019706710776,78,0,1.0
6,Min Sum,Full-Contraction,1.0,1488.6337032982717,80,0,1.0
6,Min Sum,Full-Contraction,1.0,1329.8025825256702,74,0,1.0
6,Min Sum,Full-Contraction,1.0,1329.8025825256702,74,0,1.0
6,Min Sum,Full-Contraction,1.0,1185.8413792983192,67,0,1.0
6,Min Sum,Full-Contraction,1.0,1185.8413792983192,67,0,1.0
6,Min Sum,Full-Contraction,1.0,1166.19037896906,58,0,1.0
6,Min Sum,Full-Contraction,1.0,1372.9473667624425,76,0,1.0
6,Min Sum,Full-Contraction,1.0,1488.6337032982717,74,0,1.0
6,Min Sum,Full-Contraction,1.0,1329.8025825256702,74,0,1.0
6,Min Sum,Full-Contraction,1.0,1488.6337032982717,76,0,1.0
6,Min Sum,Full-Contraction,1.0,1290.2019706710776,67,0,1.0
6,Min Sum,Full-Contraction,1.0,1092.9971408438084,55,0,1.0
6,Min Sum,Full-Contraction,1.0,1092.9971408438084,55,0,1.0
6,Min Sum,Full-Contraction,1.0,1488.6337032982717,74,0,1.0
6,Min Sum,Full-Contraction,1.0,1290.2019706710776,64,0,1.0
6,Min Sum,Full-Contraction,1.0,1290.2019706710776,72,0,1.0
6,Min Sum,Full-Contraction,1.0,1166.19037896906,67,0,1.0
6,Min Sum,Full-Contraction,1.0,1166.19037896906,72,0,1.0
6,Min Sum,Full-Contraction,1.0,1092.9971408438084,58,0,1.0
6,Min Sum,Full-Contraction,1.0,1443.3277161887927,72,0,1.0
6,Min Sum,Full-Contraction,1.0,1106.369910180185,68,0,1.0
6,Min Sum,Full-Contraction,1.0,1605.63459194306,80,0,1.0
6,Min Sum,Full-Contraction,1.0,1213.4126199508687,65,0,1.0
6,Min Sum,Full-Contraction,1.0,1188.694051404037,68,0,1.0
6,Min Sum,Full-Contraction,1.0,1333.9608391554102,73,0,1.0
6,Min Sum,Full-Contraction,1.0,1188.6940514040368,66,0,1.0
6,Min Sum,Full-Contraction,1.0,950.0839997451521,71,0,1.0
6,Min Sum,Full-Contraction,1.0,1054.0925533894597,65,0,1.0
6,Min Sum,Full-Contraction,1.0,915.5068782381039,72,0,1.0
6,Min Sum,Full-Contraction,1.0,1362.4409760969284,68,0,1.0
6,Min Sum,Full-Contraction,1.0,1080.8516764206674,68,0,1.0
6,Min Sum,Full-Contraction,1.0,1605.63459194306,80,0,1.0
6,Min Sum,Full-Contraction,1.0,1080.8516764206674,68,0,1.0
6,Min Sum,Full-Contraction,1.0,1605.63459194306,80,0,1.0
6,Min Sum,Full-Contraction,1.0,1333.9608391554102,73,0,1.0
6,Min Sum,Full-Contraction,1.0,1093.791521376339,78,0,1.0
6,Min Sum,Full-Contraction,1.0,1399.512562081929,70,0,1.0
6,Min Sum,Full-Contraction,1.0,947.5113602367929,66,0,1.0
6,Min Sum,Full-Contraction,1.0,1302.8272434316852,65,0,1.0
6,Min Sum,Full-Contraction,1.0,1080.8516764206674,68,0,1.0
6,Min Sum,Full-Contraction,1.0,1188.6940514040368,72,0,1.0
6,Min Sum,Full-Contraction,1.0,947.5113602367929,71,0,1.0
6,Min Sum,Full-Contraction,1.0,1021.2379437554243,65,0,1.0
6,Min Sum,Full-Contraction,1.0,1302.8272434316852,65,0,1.0
6,Min Sum,Full-Contraction,1.0,1484.9203770578715,74,0,1.0
6,Min Sum,Full-Contraction,1.0,1399.512562081929,73,0,1.0
6,Min Sum,Full-Contraction,1.0,1302.8272434316852,65,0,1.0
6,Min Sum,Full-Contraction,1.0,1605.63459194306,80,0,1.0
6,Min Sum,Full-Contraction,1.0,907.1047517277759,64,0,1.0
6,Min Sum,Full-Contraction,1.0,1468.5623371699874,73,0,1.0
6,Min Sum,Full-Contraction,1.0,1106.369910180185,68,0,1.0
6,Min Sum,Full-Contraction,1.0,1203.3310773816106,74,0,1.0
6,Min Sum,Full-Contraction,1.0,1080.8516764206674,68,0,1.0
6,Min Sum,Full-Contraction,1.0,1302.8272434316852,65,0,1.0
6,Min Sum,Full-Contraction,1.0,1484.9203770578715,74,0,1.0
6,Min Sum,Full-Contraction,1.0,1605.63459194306,80,0,1.0
6,Min Sum,Full-Contraction,1.0,1302.8272434316852,65,0,1.0
6,Min Sum,Full-Contraction,1.0,1484.9203770578715,74,0,1.0
6,Min Sum,Full-Contraction,1.0,1213.4126199508687,64,0,1.0
6,Min Sum,Full-Contraction,1.0,1362.4409760969284,68,0,1.0
6,Min Sum,Full-Contraction,1.0,1323.295549418614,68,0,1.0
6,Min Sum,Full-Contraction,1.0,1333.9608391554102,73,0,1.0
6,Min Sum,Full-Contraction,1.0,1333.9608391554102,73,0,1.0
6,Min Sum,Full-Contraction,1.0,1381.2155462067371,69,0,1.0
6,Min Sum,Full-Contraction,1.0,1265.7471587388075,77,0,1.0
6,Min Sum,Full-Contraction,1.0,1333.9608391554102,73,0,1.0
6,Min Sum,Full-Contraction,1.0,1106.369910180185,61,0,1.0
6,Min Sum,Full-Contraction,1.0,1054.0925533894597,61,0,1.0
6,Min Sum,Full-Contraction,1.0,1302.8272434316852,68,0,1.0
6,Min Sum,Full-Contraction,1.0,1399.512562081929,70,0,1.0
6,Min Sum,Full-Contraction,1.0,1605.63459194306,80,0,1.0
6,Min Sum,Full-Contraction,1.0,1188.6940514040368,66,0,1.0
6,Min Sum,Full-Contraction,1.0,1078.8111219362913,68,0,1.0
6,Min Sum,Full-Contraction,1.0,1213.4126199508687,61,0,1.0
6,Min Sum,Full-Contraction,1.0,1188.6940514040368,68,0,1.0
6,Min Sum,Full-Contraction,1.0,1302.8272434316852,65,0,1.0
6,Min Sum,Full-Contraction,1.0,1484.9203770578715,74,0,1.0
6,Min Sum,Full-Contraction,1.0,1399.512562081929,70,0,1.0
6,Min Sum,Full-Contraction,1.0,1302.8272434316852,65,0,1.0
6,Min Sum,Full-Contraction,1.0,1399.512562081929,70,0,1.0
6,Min Sum,Full-Contraction,1.0,1302.8272434316852,68,0,1.0
6,Min Sum,Full-Contraction,1.0,1054.0925533894597,60,0,1.0
6,Min Sum,Full-Contraction,1.0,1080.8516764206674,68,0,1.0
6,Min Sum,Full-Contraction,1.0,1484.9203770578715,74,0,1.0
6,Min Sum,Full-Contraction,1.0,1106.369910180185,68,0,1.0
6,Min Sum,Full-Contraction,1.0,876.8630958643936,51,0,1.0
6,Min Sum,Full-Contraction,1.0,1297.7651943054937,74,0,1.0
6,Min Sum,Full-Contraction,1.0,985.1388634940877,60,0,1.0
6,Min Sum,Full-Contraction,1.0,876.8630958643936,56,0,1.0
6,Min Sum,Full-Contraction,1.0,947.2427986813216,51,0,1.0
6,Min Sum,Full-Contraction,1.0,1140.2000595449513,69,0,1.0
6,Min Sum,Full-Contraction,1.0,1274.359505437065,75,0,1.0
6,Min Sum,Full-Contraction,1.0,1140.2000595449513,69,0,1.0
6,Min Sum,Full-Contraction,1.0,1305.326764858375,77,0,1.0
6,Min Sum,Full-Contraction,1.0,1140.2000595449513,69,0,1.0
6,Min Sum,Full-Contraction,1.0,1023.9571092453045,52,0,1.0
6,Min Sum,Full-Contraction,1.0,1297.7651943054937,74,0,1.0
6,Min Sum,Full-Contraction,1.0,906.7647005823629,46,0,1.0
6,Min Sum,Full-Contraction,1.0,1297.7651943054937,74,0,1.0
6,Min Sum,Full-Contraction,1.0,947.2427986813216,52,0,1.0
6,Min Sum,Full-Contraction,1.0,1421.2822033806576,82,0,1.0
6,Min Sum,Full-Contraction,1.0,1207.9913066398765,69,0,1.0
6,Min Sum,Full-Contraction,1.0,1140.2000595449513,69,0,1.0
6,Min Sum,Full-Contraction,1.0,985.1388634940877,60,0,1.0
6,Min Sum,Full-Contraction,1.0,707.1734728754817,46,0,1.0
6,Min Sum,Full-Contraction,1.0,1305.326764858375,77,0,1.0
6,Min Sum,Full-Contraction,1.0,1274.359505437065,75,0,1.0
6,Min Sum,Full-Contraction,1.0,985.1388634940877,56,0,1.0
6,Min Sum,Full-Contraction,1.0,860.6537358793485,56,0,1.0
6,Min Sum,Full-Contraction,1.0,1231.5568522864316,71,0,1.0
6,Min Sum,Full-Contraction,1.0,1290.227037210906,69,0,1.0
6,Min Sum,Full-Contraction,1.0,891.8138982233781,56,0,1.0
6,Min Sum,Full-Contraction,1.0,1297.7651943054937,74,0,1.0
6,Min Sum,Full-Contraction,1.0,1140.2000595449513,69,0,1.0
6,Min Sum,Full-Contraction,1.0,1120.5374142219941,65,0,1.0
6,Min Sum,Full-Contraction,1.0,870.8735720249624,56,0,1.0
6,Min Sum,Full-Contraction,1.0,1230.7999042540723,71,0,1.0
6,Min Sum,Full-Contraction,1.0,876.8630958643936,46,0,1.0
6,Min Sum,Full-Contraction,1.0,985.1388634940877,56,0,1.0
6,Min Sum,Full-Contraction,1.0,1230.7999042540723,71,0,1.0
6,Min Sum,Full-Contraction,1.0,1297.7651943054937,74,0,1.0
6,Min Sum,Full-Contraction,1.0,891.8138982233781,48,0,1.0
6,Min Sum,Full-Contraction,1.0,1290.227037210906,71,0,1.0
6,Min Sum,Full-Contraction,1.0,871.5273723720968,60,0,1.0
6,Min Sum,Full-Contraction,1.0,955.9261958795616,57,0,1.0
6,Min Sum,Full-Contraction,1.0,1140.2000595449513,69,0,1.0
6,Min Sum,Full-Contraction,1.0,955.9261958795616,57,0,1.0
6,Min Sum,Full-Contraction,1.0,955.9261958795616,57,0,1.0
6,Min Sum,Full-Contraction,1.0,1216.21140501385,73,0,1.0
6,Min Sum,Full-Contraction,1.0,1075.2639870836233,55,0,1.0
6,Min Sum,Full-Contraction,1.0,947.2427986813216,52,0,1.0
6,Min Sum,Full-Contraction,1.0,871.5273723720968,60,0,1.0
6,Min Sum,Full-Contraction,1.0,871.5273723720968,60,0,1.0
6,Min Sum,Full-Contraction,1.0,1161.5349848029546,70,0,1.0
6,Min Sum,Full-Contraction,1.0,1071.3652359287155,69,0,1.0
6,Min Sum,Full-Contraction,1.0,1297.7651943054937,74,0,1.0
6,Min Sum,Full-Contraction,1.0,1033.329066331018,64,0,1.0
6,Min Sum,Full-Contraction,1.0,876.8630958643936,48,0,1.0
6,Min Sum,Full-Contraction,1.0,871.5273723720968,60,0,1.0
6,Min Sum,Full-Contraction,1.0,792.7697416900183,46,0,1.0
6,Min Sum,Full-Contraction,1.0,891.8138982233781,48,0,1.0
6,Min Sum,Full-Contraction,1.0,1290.227037210906,71,0,1.0
6,Min Sum,Full-Contraction,1.0,1207.9913066398765,69,0,1.0
6,Min Sum,Full-Contraction,1.0,870.8735720249624,56,0,1.0
6,Min Sum,Full-Contraction,1.0,1071.3652359287155,69,0,1.0
6,Min Sum,Full-Contraction,1.0,876.8630958643936,51,0,1.0
6,Min Sum,Full-Contraction,1.0,991.6119765763453,62,0,1.0
6,Min Sum,Full-Contraction,1.0,1033.329066331018,64,0,1.0
6,Min Sum,Full-Contraction,1.0,1290.227037210906,71,0,1.0
6,Min Sum,Full-Contraction,1.0,1023.9571092453045,52,0,1.0
6,Min Sum,Full-Contraction,1.0,1370.134478063541,69,0,1.0
6,Min Sum,Full-Contraction,1.0,1007.3592581964585,55,0,1.0
6,Min Sum,Full-Contraction,1.0,1329.8025825256702,71,0,1.0
6,Min Sum,Full-Contraction,1.0,1329.8025825256702,71,0,1.0
6,Min Sum,Full-Contraction,1.0,1539.4649654579785,77,0,1.0
6,Min Sum,Full-Contraction,1.0,1372.9473667624425,73,0,1.0
6,Min Sum,Full-Contraction,1.0,1372.9473667624425,73,0,1.0
6,Min Sum,Full-Contraction,1.0,1217.008732545826,64,0,1.0
6,Min Sum,Full-Contraction,1.0,1185.8413792983192,64,0,1.0
6,Min Sum,Full-Contraction,1.0,1019.803902718557,52,0,1.0
6,Min Sum,Full-Contraction,1.0,1370.134478063541,69,0,1.0
6,Min Sum,Full-Contraction,1.0,1007.3592581964585,55,0,1.0
6,Min Sum,Full-Contraction,1.0,1372.9473667624425,73,0,1.0
6,Min Sum,Full-Contraction,1.0,1092.9971408438084,55,0,1.0
6,Min Sum,Full-Contraction,1.0,1539.4649654579785,77,0,1.0
6,Min Sum,Full-Contraction,1.0,1271.4792619456694,64,0,1.0
6,Min Sum,Full-Contraction,1.0,1092.9971408438084,55,0,1.0
6,Min Sum,Full-Contraction,1.0,1372.9473667624425,73,0,1.0
6,Min Sum,Full-Contraction,1.0,1329.8025825256702,71,0,1.0
6,Min Sum,Full-Contraction,1.0,1370.134478063541,69,0,1.0
6,Min Sum,Full-Contraction,1.0,1131.370849898476,61,0,1.0
6,Min Sum,Full-Contraction,1.0,1271.4792619456694,64,0,1.0
6,Min Sum,Full-Contraction,1.0,1092.9971408438084,55,0,1.0
6,Min Sum,Full-Contraction,1.0,1131.370849898476,61,0,1.0
6,Min Sum,Full-Contraction,1.0,934.166020071207,52,0,1.0
6,Min Sum,Full-Contraction,1.0,1019.803902718557,52,0,1.0
6,Min Sum,Full-Contraction,1.0,1271.4792619456694,64,0,1.0
6,Min Sum,Full-Contraction,1.0,1019.803902718557,55,0,1.0
6,Min Sum,Full-Contraction,1.0,1185.8413792983192,64,0,1.0
6,Min Sum,Full-Contraction,1.0,934.166020071207,52,0,1.0
6,Min Sum,Full-Contraction,1.0,1370.134478063541,69,0,1.0
6,Min Sum,Full-Contraction,1.0,1131.370849898476,61,0,1.0
6,Min Sum,Full-Contraction,1.0,1370.134478063541,69,0,1.0
6,Min Sum,Full-Contraction,1.0,1092.9971408438084,55,0,1.0
6,Min Sum,Full-Contraction,1.0,1284.4965954161912,69,0,1.0
6,Min Sum,Full-Contraction,1.0,1092.9971408438084,55,0,1.0
6,Min Sum,Full-Contraction,1.0,1271.4792619456694,64,0,1.0
6,Min Sum,Full-Contraction,1.0,1019.803902718557,52,0,1.0
6,Min Sum,Full-Contraction,1.0,1453.8270828106286,77,0,1.0
6,Min Sum,Full-Contraction,1.0,1217.008732545826,61,0,1.0
6,Min Sum,Full-Contraction,1.0,1019.803902718557,52,0,1.0
6,Min Sum,Full-Contraction,1.0,1539.4649654579785,77,0,1.0
6,Min Sum,Full-Contraction,1.0,1539.4649654579785,77,0,1.0
6,Min Sum,Full-Contraction,1.0,1019.803902718557,64,0,1.0
6,Min Sum,Full-Contraction,1.0,1499.851445020445,75,0,1.0
6,Min Sum,Full-Contraction,1.0,1539.4649654579785,77,0,1.0
6,Min Sum,Full-Contraction,1.0,1329.8025825256702,71,0,1.0
6,Min Sum,Full-Contraction,1.0,1329.8025825256702,71,0,1.0
6,Min Sum,Full-Contraction,1.0,1217.008732545826,64,0,1.0
6,Min Sum,Full-Contraction,1.0,1185.8413792983192,64,0,1.0
6,Min Sum,Full-Contraction,1.0,1092.9971408438084,55,0,1.0
6,Min Sum,Full-Contraction,1.0,1372.9473667624425,73,0,1.0
6,Min Sum,Full-Contraction,1.0,1329.8025825256702,71,0,1.0
6,Min Sum,Full-Contraction,1.0,1329.8025825256702,71,0,1.0
6,Min Sum,Full-Contraction,1.0,1372.9473667624425,73,0,1.0
6,Min Sum,Full-Contraction,1.0,1271.4792619456694,64,0,1.0
6,Min Sum,Full-Contraction,1.0,1019.803902718557,52,0,1.0
6,Min Sum,Full-Contraction,1.0,1019.803902718557,52,0,1.0
6,Min Sum,Full-Contraction,1.0,1271.4792619456694,71,0,1.0
6,Min Sum,Full-Contraction,1.0,1007.3592581964585,61,0,1.0
6,Min Sum,Full-Contraction,1.0,1370.134478063541,69,0,1.0
6,Min Sum,Full-Contraction,1.0,1271.4792619456694,64,0,1.0
6,Min Sum,Full-Contraction,1.0,1370.134478063541,69,0,1.0
6,Min Sum,Full-Contraction,1.0,1019.803902718557,55,0,1.0
6,Min Sum,Full-Contraction,1.0,1370.134478063541,69,0,1.0
6,Min Sum,Full-Contraction,1.0,1442.3482912111288,72,0,1.0
6,Min Sum,Full-Contraction,1.0,1078.8111219362916,55,0,1.0
6,Min Sum,Full-Contraction,1.0,1315.0129871737836,75,0,1.0
6,Min Sum,Full-Contraction,1.0,1442.3482912111288,75,0,1.0
6,Min Sum,Full-Contraction,1.0,1615.3681245156972,81,0,1.0
6,Min Sum,Full-Contraction,1.0,1539.1947067406618,77,0,1.0
6,Min Sum,Full-Contraction,1.0,1539.1947067406618,77,0,1.0
6,Min Sum,Full-Contraction,1.0,1350.3188790432946,68,0,1.0
6,Min Sum,Full-Contraction,1.0,1350.3188790432946,68,0,1.0
6,Min Sum,Full-Contraction,1.0,1054.09255338946,54,0,1.0
6,Min Sum,Full-Contraction,1.0,1442.3482912111288,72,0,1.0
6,Min Sum,Full-Contraction,1.0,1028.1561559738268,55,0,1.0
6,Min Sum,Full-Contraction,1.0,1442.3482912111288,77,0,1.0
6,Min Sum,Full-Contraction,1.0,1028.1561559738268,55,0,1.0
6,Min Sum,Full-Contraction,1.0,1615.3681245156972,81,0,1.0
6,Min Sum,Full-Contraction,1.0,1350.3188790432946,68,0,1.0
6,Min Sum,Full-Contraction,1.0,1121.1457205370393,59,0,1.0
6,Min Sum,Full-Contraction,1.0,1539.1947067406618,77,0,1.0
6,Min Sum,Full-Contraction,1.0,1498.8715925022802,75,0,1.0
6,Min Sum,Full-Contraction,1.0,1442.3482912111288,72,0,1.0
6,Min Sum,Full-Contraction,1.0,1168.225745417108,66,0,1.0
6,Min Sum,Full-Contraction,1.0,1350.3188790432946,68,0,1.0
6,Min Sum,Full-Contraction,1.0,1168.225745417108,59,0,1.0
6,Min Sum,Full-Contraction,1.0,1300.2071770109435,66,0,1.0
6,Min Sum,Full-Contraction,1.0,1028.1561559738268,54,0,1.0
6,Min Sum,Full-Contraction,1.0,1028.1561559738268,53,0,1.0
6,Min Sum,Full-Contraction,1.0,1350.3188790432946,68,0,1.0
6,Min Sum,Full-Contraction,1.0,1028.1561559738268,55,0,1.0
6,Min Sum,Full-Contraction,1.0,1350.3188790432946,68,0,1.0
6,Min Sum,Full-Contraction,1.0,1028.1561559738268,54,0,1.0
6,Min Sum,Full-Contraction,1.0,1442.3482912111288,72,0,1.0
6,Min Sum,Full-Contraction,1.0,1168.225745417108,66,0,1.0
6,Min Sum,Full-Contraction,1.0,1442.3482912111288,72,0,1.0
6,Min Sum,Full-Contraction,1.0,1168.225745417108,59,0,1.0
6,Min Sum,Full-Contraction,1.0,1258.4896858826323,72,0,1.0
6,Min Sum,Full-Contraction,1.0,1002.2197585581938,55,0,1.0
6,Min Sum,Full-Contraction,1.0,1350.3188790432946,68,0,1.0
6,Min Sum,Full-Contraction,1.0,1028.1561559738268,53,0,1.0
6,Min Sum,Full-Contraction,1.0,1431.5095191872006,81,0,1.0
6,Min Sum,Full-Contraction,1.0,1282.7652132783724,65,0,1.0
6,Min Sum,Full-Contraction,1.0,1054.09255338946,54,0,1.0
6,Min Sum,Full-Contraction,1.0,1615.3681245156972,81,0,1.0
6,Min Sum,Full-Contraction,1.0,1615.3681245156972,81,0,1.0
6,Min Sum,Full-Contraction,1.0,1350.3188790432946,68,0,1.0
6,Min Sum,Full-Contraction,1.0,1565.2070435212258,78,0,1.0
6,Min Sum,Full-Contraction,1.0,1615.3681245156972,81,0,1.0
6,Min Sum,Full-Contraction,1.0,1498.8715925022802,75,0,1.0
6,Min Sum,Full-Contraction,1.0,1350.3188790432946,75,0,1.0
6,Min Sum,Full-Contraction,1.0,1350.3188790432946,68,0,1.0
6,Min Sum,Full-Contraction,1.0,1350.3188790432946,68,0,1.0
6,Min Sum,Full-Contraction,1.0,963.2235126241759,58,0,1.0
6,Min Sum,Full-Contraction,1.0,1539.1947067406618,77,0,1.0
6,Min Sum,Full-Contraction,1.0,1442.3482912111288,75,0,1.0
6,Min Sum,Full-Contraction,1.0,1315.0129871737836,75,0,1.0
6,Min Sum,Full-Contraction,1.0,1539.1947067406618,77,0,1.0
6,Min Sum,Full-Contraction,1.0,1350.3188790432946,68,0,1.0
6,Min Sum,Full-Contraction,1.0,1028.1561559738268,53,0,1.0
6,Min Sum,Full-Contraction,1.0,1002.2197585581938,53,0,1.0
6,Min Sum,Full-Contraction,1.0,1498.8715925022802,75,0,1.0
6,Min Sum,Full-Contraction,1.0,1300.2071770109435,66,0,1.0
6,Min Sum,Full-Contraction,1.0,1442.3482912111288,72,0,1.0
6,Min Sum,Full-Contraction,1.0,1350.3188790432946,68,0,1.0
6,Min Sum,Full-Contraction,1.0,1442.3482912111288,72,0,1.0
6,Min Sum,Full-Contraction,1.0,984.3671400886117,59,0,1.0
6,Min Sum,Full-Contraction,1.0,1442.3482912111288,72,0,1.0
6,Min Sum,Full-Contraction,1.0,1059.2020975838266,54,0,1.0
6,Min Sum,Full-Contraction,1.0,1235.4819383294289,65,0,1.0
6,Min Sum,Full-Contraction,1.0,1071.0915316807186,55,0,1.0
6,Min Sum,Full-Contraction,1.0,1178.5498122192748,60,0,1.0
6,Min Sum,Full-Contraction,1.0,1008.8497300281037,56,0,1.0
6,Min Sum,Full-Contraction,1.0,1337.7581983473851,68,0,1.0
6,Min Sum,Full-Contraction,1.0,1504.9802663342944,76,0,1.0
6,Min Sum,Full-Contraction,1.0,1337.7581983473851,68,0,1.0
6,Min Sum,Full-Contraction,1.0,1471.0915316807186,74,0,1.0
6,Min Sum,Full-Contraction,1.0,1059.2020975838266,68,0,1.0
6,Min Sum,Full-Contraction,1.0,1235.4819383294289,63,0,1.0
6,Min Sum,Full-Contraction,1.0,1235.4819383294289,65,0,1.0
6,Min Sum,Full-Contraction,1.0,1188.367682636825,60,0,1.0
6,Min Sum,Full-Contraction,1.0,1188.367682636825,65,0,1.0
6,Min Sum,Full-Contraction,1.0,1008.8497300281037,56,0,1.0
6,Min Sum,Full-Contraction,1.0,1618.476529485279,81,0,1.0
6,Min Sum,Full-Contraction,1.0,1059.2020975838266,61,0,1.0
6,Min Sum,Full-Contraction,1.0,1337.7581983473851,68,0,1.0
6,Min Sum,Full-Contraction,1.0,1008.8497300281037,52,0,1.0
6,Min Sum,Full-Contraction,1.0,905.8113509737951,50,0,1.0
6,Min Sum,Full-Contraction,1.0,1471.0915316807186,74,0,1.0
6,Min Sum,Full-Contraction,1.0,1504.9802663342944,76,0,1.0
6,Min Sum,Full-Contraction,1.0,1059.2020975838266,54,0,1.0
6,Min Sum,Full-Contraction,1.0,1059.2020975838266,54,0,1.0
6,Min Sum,Full-Contraction,1.0,1235.4819383294289,63,0,1.0
6,Min Sum,Full-Contraction,1.0,1161.6285933932036,68,0,1.0
6,Min Sum,Full-Contraction,1.0,981.6855671232637,60,0,1.0
6,Min Sum,Full-Contraction,1.0,1235.4819383294289,65,0,1.0
6,Min Sum,Full-Contraction,1.0,1337.7581983473851,68,0,1.0
6,Min Sum,Full-Contraction,1.0,1008.8497300281037,63,0,1.0
6,Min Sum,Full-Contraction,1.0,981.6855671232637,60,0,1.0
6,Min Sum,Full-Contraction,1.0,1217.0101425617836,62,0,1.0
6,Min Sum,Full-Contraction,1.0,811.7430135904815,50,0,1.0
6,Min Sum,Full-Contraction,1.0,1059.2020975838266,54,0,1.0
6,Min Sum,Full-Contraction,1.0,1235.4819383294289,63,0,1.0
6,Min Sum,Full-Contraction,1.0,1337.7581983473851,68,0,1.0
6,Min Sum,Full-Contraction,1.0,981.6855671232637,50,0,1.0
6,Min Sum,Full-Contraction,1.0,1161.6285933932036,68,0,1.0
6,Min Sum,Full-Contraction,1.0,1337.7581983473851,68,0,1.0
6,Min Sum,Full-Contraction,1.0,789.2249898579696,50,0,1.0
6,Min Sum,Full-Contraction,1.0,1337.7581983473851,68,0,1.0
6,Min Sum,Full-Contraction,1.0,1008.8497300281037,56,0,1.0
6,Min Sum,Full-Contraction,1.0,1008.8497300281037,56,0,1.0
6,Min Sum,Full-Contraction,1.0,1345.7201626223161,68,0,1.0
6,Min Sum,Full-Contraction,1.0,981.6855671232637,57,0,1.0
6,Min Sum,Full-Contraction,1.0,1008.8497300281037,56,0,1.0
6,Min Sum,Full-Contraction,1.0,1008.8497300281037,52,0,1.0
6,Min Sum,Full-Contraction,1.0,1008.8497300281037,52,0,1.0
6,Min Sum,Full-Contraction,1.0,1253.498366822193,63,0,1.0
6,Min Sum,Full-Contraction,1.0,1207.5923020050182,61,0,1.0
6,Min Sum,Full-Contraction,1.0,1279.738421654919,65,0,1.0
6,Min Sum,Full-Contraction,1.0,1012.2380776826433,63,0,1.0
6,Min Sum,Full-Contraction,1.0,981.6855671232637,52,0,1.0
6,Min Sum,Full-Contraction,1.0,1071.0915316807186,55,0,1.0
6,Min Sum,Full-Contraction,1.0,1008.8497300281037,52,0,1.0
6,Min Sum,Full-Contraction,1.0,1059.2020975838266,54,0,1.0
6,Min Sum,Full-Contraction,1.0,1161.6285933932036,68,0,1.0
6,Min Sum,Full-Contraction,1.0,1059.2020975838266,68,0,1.0
6,Min Sum,Full-Contraction,1.0,1178.5498122192748,60,0,1.0
6,Min Sum,Full-Contraction,1.0,1207.5923020050182,61,0,1.0
6,Min Sum,Full-Contraction,1.0,905.8113509737951,50,0,1.0
6,Min Sum,Full-Contraction,1.0,981.6855671232637,63,0,1.0
6,Min Sum,Full-Contraction,1.0,1188.367682636825,60,0,1.0
6,Min Sum,Full-Contraction,1.0,1217.0101425617836,62,0,1.0
6,Min Sum,Full-Contraction,1.0,1235.4819383294289,63,0,1.0
6,Min Sum,Full-Contraction,1.0,1195.4583913123447,71,0,1.0
6,Min Sum,Full-Contraction,1.0,1106.369910180185,71,0,1.0
6,Min Sum,Full-Contraction,1.0,1320.8290426455637,68,0,1.0
6,Min Sum,Full-Contraction,1.0,1375.7547778415847,71,0,1.0
6,Min Sum,Full-Contraction,1.0,1243.8047437733196,78,0,1.0
6,Min Sum,Full-Contraction,1.0,1410.2538139999224,72,0,1.0
6,Min Sum,Full-Contraction,1.0,1410.2538139999224,72,0,1.0
6,Min Sum,Full-Contraction,1.0,1261.2153099803206,65,0,1.0
6,Min Sum,Full-Contraction,1.0,1323.295549418614,66,0,1.0
6,Min Sum,Full-Contraction,1.0,1195.4583913123447,62,0,1.0
6,Min Sum,Full-Contraction,1.0,1281.6836159672494,71,0,1.0
6,Min Sum,Full-Contraction,1.0,1106.369910180185,71,0,1.0
6,Min Sum,Full-Contraction,1.0,1093.791521376339,71,0,1.0
6,Min Sum,Full-Contraction,1.0,1106.369910180185,71,0,1.0
6,Min Sum,Full-Contraction,1.0,1339.6036127553725,78,0,1.0
6,Min Sum,Full-Contraction,1.0,1468.5623371699874,73,0,1.0
6,Min Sum,Full-Contraction,1.0,1188.6940514040368,60,0,1.0
6,Min Sum,Full-Contraction,1.0,1410.2538139999224,72,0,1.0
6,Min Sum,Full-Contraction,1.0,1339.6036127553725,69,0,1.0
6,Min Sum,Full-Contraction,1.0,950.0839997451521,71,0,1.0
6,Min Sum,Full-Contraction,1.0,1323.295549418614,66,0,1.0
6,Min Sum,Full-Contraction,1.0,1362.4409760969284,68,0,1.0
6,Min Sum,Full-Contraction,1.0,918.6102214206355,62,0,1.0
6,Min Sum,Full-Contraction,1.0,1195.4583913123447,62,0,1.0
6,Min Sum,Full-Contraction,1.0,1106.369910180185,64,0,1.0
6,Min Sum,Full-Contraction,1.0,1093.791521376339,65,0,1.0
6,Min Sum,Full-Contraction,1.0,1106.369910180185,65,0,1.0
6,Min Sum,Full-Contraction,1.0,915.5068782381039,71,0,1.0
6,Min Sum,Full-Contraction,1.0,1188.694051404037,64,0,1.0
6,Min Sum,Full-Contraction,1.0,1106.369910180185,65,0,1.0
6,Min Sum,Full-Contraction,1.0,1106.369910180185,71,0,1.0
6,Min Sum,Full-Contraction,1.0,1093.791521376339,64,0,1.0
6,Min Sum,Full-Contraction,1.0,950.0839997451521,71,0,1.0
6,Min Sum,Full-Contraction,1.0,1195.4583913123447,62,0,1.0
6,Min Sum,Full-Contraction,1.0,1004.8354460755403,66,0,1.0
6,Min Sum,Full-Contraction,1.0,950.0839997451521,71,0,1.0
6,Min Sum,Full-Contraction,1.0,1261.2153099803206,65,0,1.0
6,Min Sum,Full-Contraction,1.0,1261.2153099803206,65,0,1.0
6,Min Sum,Full-Contraction,1.0,1171.800686499504,74,0,1.0
6,Min Sum,Full-Contraction,1.0,1195.4583913123447,65,0,1.0
6,Min Sum,Full-Contraction,1.0,918.6102214206355,62,0,1.0
6,Min Sum,Full-Contraction,1.0,1339.6036127553725,78,0,1.0
6,Min Sum,Full-Contraction,1.0,1094.9821355685963,78,0,1.0
6,Min Sum,Full-Contraction,1.0,1240.071682515885,64,0,1.0
6,Min Sum,Full-Contraction,1.0,1261.2153099803206,78,0,1.0
6,Min Sum,Full-Contraction,1.0,1339.6036127553725,78,0,1.0
6,Min Sum,Full-Contraction,1.0,1339.6036127553725,69,0,1.0
6,Min Sum,Full-Contraction,1.0,1339.6036127553725,69,0,1.0
6,Min Sum,Full-Contraction,1.0,1240.071682515885,65,0,1.0
6,Min Sum,Full-Contraction,1.0,1240.071682515885,64,0,1.0
6,Min Sum,Full-Contraction,1.0,1106.369910180185,71,0,1.0
6,Min Sum,Full-Contraction,1.0,1410.2538139999224,72,0,1.0
6,Min Sum,Full-Contraction,1.0,1375.7547778415847,71,0,1.0
6,Min Sum,Full-Contraction,1.0,1320.8290426455637,68,0,1.0
6,Min Sum,Full-Contraction,1.0,1375.7547778415847,72,0,1.0
6,Min Sum,Full-Contraction,1.0,1261.2153099803206,65,0,1.0
6,Min Sum,Full-Contraction,1.0,1281.6836159672494,65,0,1.0
6,Min Sum,Full-Contraction,1.0,1188.6940514040368,60,0,1.0
6,Min Sum,Full-Contraction,1.0,1261.2153099803206,69,0,1.0
6,Min Sum,Full-Contraction,1.0,1188.6940514040368,60,0,1.0
6,Min Sum,Full-Contraction,1.0,1195.4583913123447,71,0,1.0
6,Min Sum,Full-Contraction,1.0,1121.1457205370393,64,0,1.0
6,Min Sum,Full-Contraction,1.0,1375.7547778415847,71,0,1.0
6,Min Sum,Full-Contraction,1.0,1000.0943162909884,65,0,1.0
6,Min Sum,Full-Contraction,1.0,1375.7547778415847,71,0,1.0
6,Min Sum,Full-Contraction,1.0,1132.4435592751202,71,0,1.0
6,Min Sum,Full-Contraction,1.0,1650.6094842894395,82,0,1.0
6,Min Sum,Full-Contraction,1.0,1250.6094842894395,68,0,1.0
6,Min Sum,Full-Contraction,1.0,1238.7200501925477,71,0,1.0
6,Min Sum,Full-Contraction,1.0,1238.7200501925477,76,0,1.0
6,Min Sum,Full-Contraction,1.0,1002.3116985370747,68,0,1.0
6,Min Sum,Full-Contraction,1.0,897.7237399820438,71,0,1.0
6,Min Sum,Full-Contraction,1.0,968.7429424666907,68,0,1.0
6,Min Sum,Full-Contraction,1.0,991.2609661992026,73,0,1.0
6,Min Sum,Full-Contraction,1.0,1414.9998909381497,71,0,1.0
6,Min Sum,Full-Contraction,1.0,968.7429424666907,71,0,1.0
6,Min Sum,Full-Contraction,1.0,1368.0531526264099,82,0,1.0
6,Min Sum,Full-Contraction,1.0,1132.4435592751202,71,0,1.0
6,Min Sum,Full-Contraction,1.0,1650.6094842894395,82,0,1.0
6,Min Sum,Full-Contraction,1.0,1161.2035197319847,76,0,1.0
6,Min Sum,Full-Contraction,1.0,1049.3793474797885,78,0,1.0
6,Min Sum,Full-Contraction,1.0,1433.0163194309139,71,0,1.0
6,Min Sum,Full-Contraction,1.0,1002.3116985370747,68,0,1.0
6,Min Sum,Full-Contraction,1.0,1250.6094842894395,68,0,1.0
6,Min Sum,Full-Contraction,1.0,1132.4435592751202,71,0,1.0
6,Min Sum,Full-Contraction,1.0,1002.3116985370747,73,0,1.0
6,Min Sum,Full-Contraction,1.0,1002.3116985370747,71,0,1.0
6,Min Sum,Full-Contraction,1.0,1358.0677648279957,68,0,1.0
6,Min Sum,Full-Contraction,1.0,1358.0677648279957,68,0,1.0
6,Min Sum,Full-Contraction,1.0,1525.2381152310372,76,0,1.0
6,Min Sum,Full-Contraction,1.0,1433.0163194309139,76,0,1.0
6,Min Sum,Full-Contraction,1.0,968.7429424666907,68,0,1.0
6,Min Sum,Full-Contraction,1.0,1650.6094842894395,82,0,1.0
6,Min Sum,Full-Contraction,1.0,1002.3116985370747,64,0,1.0
6,Min Sum,Full-Contraction,1.0,1517.2761509561062,76,0,1.0
6,Min Sum,Full-Contraction,1.0,1161.2035197319847,71,0,1.0
6,Min Sum,Full-Contraction,1.0,1250.6094842894395,76,0,1.0
6,Min Sum,Full-Contraction,1.0,1132.4435592751202,71,0,1.0
6,Min Sum,Full-Contraction,1.0,1358.0677648279957,68,0,1.0
6,Min Sum,Full-Contraction,1.0,1525.2381152310372,76,0,1.0
6,Min Sum,Full-Contraction,1.0,1650.6094842894395,82,0,1.0
6,Min Sum,Full-Contraction,1.0,1358.0677648279957,68,0,1.0
6,Min Sum,Full-Contraction,1.0,1525.2381152310372,76,0,1.0
6,Min Sum,Full-Contraction,1.0,1250.6094842894395,64,0,1.0
6,Min Sum,Full-Contraction,1.0,1414.9998909381497,71,0,1.0
6,Min Sum,Full-Contraction,1.0,1367.885635245546,71,0,1.0
6,Min Sum,Full-Contraction,1.0,1238.7200501925477,76,0,1.0
6,Min Sum,Full-Contraction,1.0,1161.2035197319847,76,0,1.0
6,Min Sum,Full-Contraction,1.0,968.7429424666907,70,0,1.0
6,Min Sum,Full-Contraction,1.0,1318.5075854395834,80,0,1.0
6,Min Sum,Full-Contraction,1.0,1003.2313674722316,76,0,1.0
6,Min Sum,Full-Contraction,1.0,1167.5918792439982,63,0,1.0
6,Min Sum,Full-Contraction,1.0,1167.5918792439982,63,0,1.0
6,Min Sum,Full-Contraction,1.0,1387.110254613739,69,0,1.0
6,Min Sum,Full-Contraction,1.0,1433.0163194309139,71,0,1.0
6,Min Sum,Full-Contraction,1.0,1650.6094842894395,82,0,1.0
6,Min Sum,Full-Contraction,1.0,896.9082698049141,68,0,1.0
6,Min Sum,Full-Contraction,1.0,1167.5918792439982,71,0,1.0
6,Min Sum,Full-Contraction,1.0,1250.6094842894395,63,0,1.0
6,Min Sum,Full-Contraction,1.0,1015.1208015691236,71,0,1.0
6,Min Sum,Full-Contraction,1.0,968.7429424666907,68,0,1.0
6,Min Sum,Full-Contraction,1.0,1525.2381152310372,76,0,1.0
6,Min Sum,Full-Contraction,1.0,1433.0163194309139,71,0,1.0
6,Min Sum,Full-Contraction,1.0,1358.0677648279957,68,0,1.0
6,Min Sum,Full-Contraction,1.0,1433.0163194309139,71,0,1.0
6,Min Sum,Full-Contraction,1.0,1161.2035197319847,71,0,1.0
6,Min Sum,Full-Contraction,1.0,968.7429424666907,62,0,1.0
6,Min Sum,Full-Contraction,1.0,1161.2035197319847,71,0,1.0
6,Min Sum,Full-Contraction,1.0,1525.2381152310372,76,0,1.0
6,Min Sum,Full-Contraction,1.0,1161.2035197319847,71,0,1.0
6,Min Sum,Full-Contraction,1.0,1047.4393707085176,53,0,1.0
6,Min Sum,Full-Contraction,1.0,1555.1292479449505,77,0,1.0
6,Min Sum,Full-Contraction,1.0,1120.743909114541,64,0,1.0
6,Min Sum,Full-Contraction,1.0,1081.5431858739987,58,0,1.0
6,Min Sum,Full-Contraction,1.0,1047.4393707085176,53,0,1.0
6,Min Sum,Full-Contraction,1.0,1294.4919394234857,72,0,1.0
6,Min Sum,Full-Contraction,1.0,1419.0966923322894,78,0,1.0
6,Min Sum,Full-Contraction,1.0,1294.4919394234857,72,0,1.0
6,Min Sum,Full-Contraction,1.0,1465.255477545667,80,0,1.0
6,Min Sum,Full-Contraction,1.0,1375.926464428307,72,0,1.0
6,Min Sum,Full-Contraction,1.0,869.2269873603531,51,0,1.0
6,Min Sum,Full-Contraction,1.0,1407.2599298328614,77,0,1.0
6,Min Sum,Full-Contraction,1.0,770.9468996927279,46,0,1.0
6,Min Sum,Full-Contraction,1.0,1407.2599298328614,77,0,1.0
6,Min Sum,Full-Contraction,1.0,961.6927332786404,56,0,1.0
6,Min Sum,Full-Contraction,1.0,1573.4281132760066,85,0,1.0
6,Min Sum,Full-Contraction,1.0,1320.6150035194755,73,0,1.0
6,Min Sum,Full-Contraction,1.0,1294.4919394234857,72,0,1.0
6,Min Sum,Full-Contraction,1.0,1120.743909114541,64,0,1.0
6,Min Sum,Full-Contraction,1.0,802.7921942530854,46,0,1.0
6,Min Sum,Full-Contraction,1.0,1465.255477545667,80,0,1.0
6,Min Sum,Full-Contraction,1.0,1419.0966923322894,78,0,1.0
6,Min Sum,Full-Contraction,1.0,1047.4393707085176,59,0,1.0
6,Min Sum,Full-Contraction,1.0,1047.4393707085176,59,0,1.0
6,Min Sum,Full-Contraction,1.0,1346.0940810394677,74,0,1.0
6,Min Sum,Full-Contraction,1.0,1375.926464428307,73,0,1.0
6,Min Sum,Full-Contraction,1.0,1000.1086608691775,58,0,1.0
6,Min Sum,Full-Contraction,1.0,1555.1292479449505,77,0,1.0
6,Min Sum,Full-Contraction,1.0,1294.4919394234857,72,0,1.0
6,Min Sum,Full-Contraction,1.0,1373.8803472538677,69,0,1.0
6,Min Sum,Full-Contraction,1.0,1000.1086608691775,58,0,1.0
6,Min Sum,Full-Contraction,1.0,1346.0940810394677,74,0,1.0
6,Min Sum,Full-Contraction,1.0,802.7921942530854,46,0,1.0
6,Min Sum,Full-Contraction,1.0,1047.4393707085176,59,0,1.0
6,Min Sum,Full-Contraction,1.0,1346.0940810394677,74,0,1.0
6,Min Sum,Full-Contraction,1.0,1407.2599298328614,77,0,1.0
6,Min Sum,Full-Contraction,1.0,926.7742623546231,51,0,1.0
6,Min Sum,Full-Contraction,1.0,1375.926464428307,74,0,1.0
6,Min Sum,Full-Contraction,1.0,1120.743909114541,64,0,1.0
6,Min Sum,Full-Contraction,1.0,1202.0044558949323,60,0,1.0
6,Min Sum,Full-Contraction,1.0,1375.926464428307,72,0,1.0
6,Min Sum,Full-Contraction,1.0,1202.0044558949323,60,0,1.0
6,Min Sum,Full-Contraction,1.0,1202.0044558949323,60,0,1.0
6,Min Sum,Full-Contraction,1.0,1383.2031224613224,76,0,1.0
6,Min Sum,Full-Contraction,1.0,1068.8234133615247,54,0,1.0
6,Min Sum,Full-Contraction,1.0,961.6927332786404,56,0,1.0
6,Min Sum,Full-Contraction,1.0,1120.743909114541,64,0,1.0
6,Min Sum,Full-Contraction,1.0,1120.743909114541,64,0,1.0
6,Min Sum,Full-Contraction,1.0,1333.4320734419261,74,0,1.0
6,Min Sum,Full-Contraction,1.0,1320.6150035194755,73,0,1.0
6,Min Sum,Full-Contraction,1.0,1407.2599298328614,77,0,1.0
6,Min Sum,Full-Contraction,1.0,1218.0152861717063,67,0,1.0
6,Min Sum,Full-Contraction,1.0,854.3903877656343,51,0,1.0
6,Min Sum,Full-Contraction,1.0,1120.743909114541,64,0,1.0
6,Min Sum,Full-Contraction,1.0,869.2269873603531,46,0,1.0
6,Min Sum,Full-Contraction,1.0,926.7742623546231,51,0,1.0
6,Min Sum,Full-Contraction,1.0,1375.926464428307,74,0,1.0
6,Min Sum,Full-Contraction,1.0,1320.6150035194755,73,0,1.0
6,Min Sum,Full-Contraction,1.0,1081.5431858739987,58,0,1.0
6,Min Sum,Full-Contraction,1.0,1320.6150035194755,73,0,1.0
6,Min Sum,Full-Contraction,1.0,1047.4393707085176,53,0,1.0
6,Min Sum,Full-Contraction,1.0,1136.5807611668852,64,0,1.0
6,Min Sum,Full-Contraction,1.0,1197.1775278179316,67,0,1.0
6,Min Sum,Full-Contraction,1.0,1373.8803472538677,74,0,1.0
6,Min Sum,Full-Contraction,1.0,935.8249127704555,51,0,1.0
6,Min Sum,Full-Contraction,1.0,1022.824509171938,52,0,1.0
6,Min Sum,Full-Contraction,1.0,1135.5513366778332,74,0,1.0
6,Min Sum,Full-Contraction,1.0,1096.8666572369157,59,0,1.0
6,Min Sum,Full-Contraction,1.0,1023.1597431621337,55,0,1.0
6,Min Sum,Full-Contraction,1.0,1058.8290104215432,54,0,1.0
6,Min Sum,Full-Contraction,1.0,1280.6248474865697,67,0,1.0
6,Min Sum,Full-Contraction,1.0,1417.9461989834235,74,0,1.0
6,Min Sum,Full-Contraction,1.0,1280.6248474865697,67,0,1.0
6,Min Sum,Full-Contraction,1.0,1444.4974506604397,75,0,1.0
6,Min Sum,Full-Contraction,1.0,1280.6248474865697,67,0,1.0
6,Min Sum,Full-Contraction,1.0,970.6813185707359,53,0,1.0
6,Min Sum,Full-Contraction,1.0,1203.3626335699685,74,0,1.0
6,Min Sum,Full-Contraction,1.0,970.6813185707359,50,0,1.0
6,Min Sum,Full-Contraction,1.0,1172.2309416621197,74,0,1.0
6,Min Sum,Full-Contraction,1.0,1058.8290104215432,54,0,1.0
6,Min Sum,Full-Contraction,1.0,1562.167373557283,81,0,1.0
6,Min Sum,Full-Contraction,1.0,1038.8802556213382,68,0,1.0
6,Min Sum,Full-Contraction,1.0,1280.6248474865697,67,0,1.0
6,Min Sum,Full-Contraction,1.0,1096.8666572369157,59,0,1.0
6,Min Sum,Full-Contraction,1.0,970.6813185707359,50,0,1.0
6,Min Sum,Full-Contraction,1.0,1444.4974506604397,75,0,1.0
6,Min Sum,Full-Contraction,1.0,1417.9461989834235,74,0,1.0
6,Min Sum,Full-Contraction,1.0,1022.824509171938,54,0,1.0
6,Min Sum,Full-Contraction,1.0,1022.824509171938,54,0,1.0
6,Min Sum,Full-Contraction,1.0,1135.5513366778332,70,0,1.0
6,Min Sum,Full-Contraction,1.0,1299.111033667615,68,0,1.0
6,Min Sum,Full-Contraction,1.0,1023.1597431621337,55,0,1.0
6,Min Sum,Full-Contraction,1.0,1078.6024415070997,74,0,1.0
6,Min Sum,Full-Contraction,1.0,1280.6248474865697,67,0,1.0
6,Min Sum,Full-Contraction,1.0,1067.6873746579436,66,0,1.0
6,Min Sum,Full-Contraction,1.0,1023.1597431621337,55,0,1.0
6,Min Sum,Full-Contraction,1.0,1096.8666572369157,70,0,1.0
6,Min Sum,Full-Contraction,1.0,970.6813185707359,50,0,1.0
6,Min Sum,Full-Contraction,1.0,1022.824509171938,54,0,1.0
6,Min Sum,Full-Contraction,1.0,1096.8666572369157,70,0,1.0
6,Min Sum,Full-Contraction,1.0,1078.6024415070997,74,0,1.0
6,Min Sum,Full-Contraction,1.0,956.7451800763997,49,0,1.0
6,Min Sum,Full-Contraction,1.0,1299.111033667615,70,0,1.0
6,Min Sum,Full-Contraction,1.0,1096.8666572369157,59,0,1.0
6,Min Sum,Full-Contraction,1.0,956.7451800763997,58,0,1.0
6,Min Sum,Full-Contraction,1.0,1280.6248474865697,67,0,1.0
6,Min Sum,Full-Contraction,1.0,1145.3069883928124,58,0,1.0
6,Min Sum,Full-Contraction,1.0,1058.8290104215432,58,0,1.0
6,Min Sum,Full-Contraction,1.0,1355.434167641131,71,0,1.0
6,Min Sum,Full-Contraction,1.0,1165.209927764406,59,0,1.0
6,Min Sum,Full-Contraction,1.0,1058.8290104215432,54,0,1.0
6,Min Sum,Full-Contraction,1.0,1096.8666572369157,59,0,1.0
6,Min Sum,Full-Contraction,1.0,1096.8666572369157,59,0,1.0
6,Min Sum,Full-Contraction,1.0,1303.7380450265834,69,0,1.0
6,Min Sum,Full-Contraction,1.0,1296.101936522543,68,0,1.0
6,Min Sum,Full-Contraction,1.0,1078.6024415070997,74,0,1.0
6,Min Sum,Full-Contraction,1.0,1172.2309416621197,62,0,1.0
6,Min Sum,Full-Contraction,1.0,970.6813185707359,50,0,1.0
6,Min Sum,Full-Contraction,1.0,1096.8666572369157,59,0,1.0
6,Min Sum,Full-Contraction,1.0,970.6813185707359,50,0,1.0
6,Min Sum,Full-Contraction,1.0,956.7451800763997,49,0,1.0
6,Min Sum,Full-Contraction,1.0,1299.111033667615,70,0,1.0
6,Min Sum,Full-Contraction,1.0,1296.101936522543,68,0,1.0
6,Min Sum,Full-Contraction,1.0,1023.1597431621337,55,0,1.0
6,Min Sum,Full-Contraction,1.0,1296.101936522543,68,0,1.0
6,Min Sum,Full-Contraction,1.0,1022.824509171938,52,0,1.0
6,Min Sum,Full-Contraction,1.0,1135.5513366778332,61,0,1.0
6,Min Sum,Full-Contraction,1.0,1172.2309416621197,62,0,1.0
6,Min Sum,Full-Contraction,1.0,1299.111033667615,70,0,1.0
6,Min Sum,Full-Contraction,1.0,970.6813185707359,53,0,1.0
6,Min Sum,Full-Contraction,1.0,1262.4043340146873,64,0,1.0
6,Min Sum,Full-Contraction,1.0,1415.0765731861982,74,0,1.0
6,Min Sum,Full-Contraction,1.0,1043.7176263425501,60,0,1.0
6,Min Sum,Full-Contraction,1.0,1122.5822056439197,64,0,1.0
6,Min Sum,Full-Contraction,1.0,1374.690138786839,69,0,1.0
6,Min Sum,Full-Contraction,1.0,1233.8915864981677,62,0,1.0
6,Min Sum,Full-Contraction,1.0,1233.8915864981677,65,0,1.0
6,Min Sum,Full-Contraction,1.0,1193.9235768601443,61,0,1.0
6,Min Sum,Full-Contraction,1.0,1256.383105611505,66,0,1.0
6,Min Sum,Full-Contraction,1.0,1233.8915864981677,62,0,1.0
6,Min Sum,Full-Contraction,1.0,1262.4043340146873,64,0,1.0
6,Min Sum,Full-Contraction,1.0,1415.0765731861982,74,0,1.0
6,Min Sum,Full-Contraction,1.0,1262.4043340146873,64,0,1.0
6,Min Sum,Full-Contraction,1.0,1415.0765731861982,74,0,1.0
6,Min Sum,Full-Contraction,1.0,1093.4146311237819,69,0,1.0
6,Min Sum,Full-Contraction,1.0,1370.4959414710625,72,0,1.0
6,Min Sum,Full-Contraction,1.0,1159.7030203050845,63,0,1.0
6,Min Sum,Full-Contraction,1.0,1233.8915864981677,62,0,1.0
6,Min Sum,Full-Contraction,1.0,1193.9235768601443,61,0,1.0
6,Min Sum,Full-Contraction,1.0,1122.5822056439197,64,0,1.0
6,Min Sum,Full-Contraction,1.0,1256.383105611505,66,0,1.0
6,Min Sum,Full-Contraction,1.0,1187.4728684760225,65,0,1.0
6,Min Sum,Full-Contraction,1.0,1183.5397547133175,60,0,1.0
6,Min Sum,Full-Contraction,1.0,1183.5397547133175,60,0,1.0
6,Min Sum,Full-Contraction,1.0,1290.6596543690544,68,0,1.0
6,Min Sum,Full-Contraction,1.0,1282.2305396576799,67,0,1.0
6,Min Sum,Full-Contraction,1.0,1054.1014484893767,61,0,1.0
6,Min Sum,Full-Contraction,1.0,1415.0765731861982,74,0,1.0
6,Min Sum,Full-Contraction,1.0,1093.4146311237819,58,0,1.0
6,Min Sum,Full-Contraction,1.0,1282.2305396576799,67,0,1.0
6,Min Sum,Full-Contraction,1.0,1262.4043340146873,64,0,1.0
6,Min Sum,Full-Contraction,1.0,1290.6596543690544,68,0,1.0
6,Min Sum,Full-Contraction,1.0,1122.5822056439197,64,0,1.0
6,Min Sum,Full-Contraction,1.0,1183.5397547133175,60,0,1.0
6,Min Sum,Full-Contraction,1.0,1290.6596543690544,68,0,1.0
6,Min Sum,Full-Contraction,1.0,1415.0765731861982,74,0,1.0
6,Min Sum,Full-Contraction,1.0,1093.4146311237819,61,0,1.0
6,Min Sum,Full-Contraction,1.0,1333.4022303089541,68,0,1.0
6,Min Sum,Full-Contraction,1.0,1055.518566311016,61,0,1.0
6,Min Sum,Full-Contraction,1.0,1233.8915864981677,62,0,1.0
6,Min Sum,Full-Contraction,1.0,1233.8915864981677,62,0,1.0
6,Min Sum,Full-Contraction,1.0,1374.690138786839,69,0,1.0
6,Min Sum,Full-Contraction,1.0,1374.690138786839,69,0,1.0
6,Min Sum,Full-Contraction,1.0,1182.7198958468935,62,0,1.0
6,Min Sum,Full-Contraction,1.0,1444.2347834176417,73,0,1.0
6,Min Sum,Full-Contraction,1.0,1374.690138786839,69,0,1.0
6,Min Sum,Full-Contraction,1.0,1128.8489554476569,57,0,1.0
6,Min Sum,Full-Contraction,1.0,1093.4146311237819,57,0,1.0
6,Min Sum,Full-Contraction,1.0,1193.9235768601443,62,0,1.0
6,Min Sum,Full-Contraction,1.0,1201.8562949245197,63,0,1.0
6,Min Sum,Full-Contraction,1.0,1415.0765731861982,74,0,1.0
6,Min Sum,Full-Contraction,1.0,1233.8915864981677,62,0,1.0
6,Min Sum,Full-Contraction,1.0,1122.5822056439197,64,0,1.0
6,Min Sum,Full-Contraction,1.0,1000.0896658530723,55,0,1.0
6,Min Sum,Full-Contraction,1.0,1233.8915864981677,64,0,1.0
6,Min Sum,Full-Contraction,1.0,1093.4146311237819,61,0,1.0
6,Min Sum,Full-Contraction,1.0,1333.4022303089541,68,0,1.0
6,Min Sum,Full-Contraction,1.0,1089.0187520694453,63,0,1.0
6,Min Sum,Full-Contraction,1.0,1093.4146311237819,61,0,1.0
6,Min Sum,Full-Contraction,1.0,1201.8562949245197,63,0,1.0
6,Min Sum,Full-Contraction,1.0,1262.4043340146873,64,0,1.0
6,Min Sum,Full-Contraction,1.0,1093.4146311237819,56,0,1.0
6,Min Sum,Full-Contraction,1.0,1262.4043340146873,64,0,1.0
6,Min Sum,Full-Contraction,1.0,1333.4022303089541,68,0,1.0
6,Min Sum,Full-Contraction,1.0,948.9179752017983,64,0,1.0
6,Min Sum,Full-Contraction,1.0,1044.892871927207,53,0,1.0
6,Min Sum,Full-Contraction,1.0,1514.9029102909335,76,0,1.0
6,Min Sum,Full-Contraction,1.0,1207.7619219368491,61,0,1.0
6,Min Sum,Full-Contraction,1.0,1100.3365962614719,56,0,1.0
6,Min Sum,Full-Contraction,1.0,1044.892871927207,53,0,1.0
6,Min Sum,Full-Contraction,1.0,1378.1692213733945,69,0,1.0
6,Min Sum,Full-Contraction,1.0,1508.4944665313014,75,0,1.0
6,Min Sum,Full-Contraction,1.0,1378.1692213733945,69,0,1.0
6,Min Sum,Full-Contraction,1.0,1546.3722205641716,77,0,1.0
6,Min Sum,Full-Contraction,1.0,1378.1692213733945,69,0,1.0
6,Min Sum,Full-Contraction,1.0,877.4184841260889,51,0,1.0
6,Min Sum,Full-Contraction,1.0,1514.9029102909335,76,0,1.0
6,Min Sum,Full-Contraction,1.0,848.5281374238571,48,0,1.0
6,Min Sum,Full-Contraction,1.0,1251.7178481723402,76,0,1.0
6,Min Sum,Full-Contraction,1.0,1008.8883706776019,54,0,1.0
6,Min Sum,Full-Contraction,1.0,1658.3707751086886,82,0,1.0
6,Min Sum,Full-Contraction,1.0,1251.7178481723402,70,0,1.0
6,Min Sum,Full-Contraction,1.0,1378.1692213733945,69,0,1.0
6,Min Sum,Full-Contraction,1.0,1207.7619219368491,61,0,1.0
6,Min Sum,Full-Contraction,1.0,848.5281374238571,48,0,1.0
6,Min Sum,Full-Contraction,1.0,1546.3722205641716,77,0,1.0
6,Min Sum,Full-Contraction,1.0,1508.4944665313014,75,0,1.0
6,Min Sum,Full-Contraction,1.0,1100.3365962614719,56,0,1.0
6,Min Sum,Full-Contraction,1.0,1100.3365962614719,56,0,1.0
6,Min Sum,Full-Contraction,1.0,1442.0858393617675,72,0,1.0
6,Min Sum,Full-Contraction,1.0,1407.1157772989116,70,0,1.0
6,Min Sum,Full-Contraction,1.0,1100.3365962614719,56,0,1.0
6,Min Sum,Full-Contraction,1.0,1514.9029102909335,76,0,1.0
6,Min Sum,Full-Contraction,1.0,1378.1692213733945,69,0,1.0
6,Min Sum,Full-Contraction,1.0,1340.631508151385,67,0,1.0
6,Min Sum,Full-Contraction,1.0,1100.3365962614719,56,0,1.0
6,Min Sum,Full-Contraction,1.0,1442.0858393617675,72,0,1.0
6,Min Sum,Full-Contraction,1.0,848.5281374238571,48,0,1.0
6,Min Sum,Full-Contraction,1.0,1100.3365962614719,56,0,1.0
6,Min Sum,Full-Contraction,1.0,1442.0858393617675,72,0,1.0
6,Min Sum,Full-Contraction,1.0,1246.6993348218818,76,0,1.0
6,Min Sum,Full-Contraction,1.0,956.7451800763997,49,0,1.0
6,Min Sum,Full-Contraction,1.0,1442.0858393617675,72,0,1.0
6,Min Sum,Full-Contraction,1.0,1207.7619219368491,61,0,1.0
6,Min Sum,Full-Contraction,1.0,1180.0809083066752,60,0,1.0
6,Min Sum,Full-Contraction,1.0,1251.7178481723402,69,0,1.0
6,Min Sum,Full-Contraction,1.0,1180.0809083066752,60,0,1.0
6,Min Sum,Full-Contraction,1.0,1180.0809083066752,60,0,1.0
6,Min Sum,Full-Contraction,1.0,1462.4757706122653,73,0,1.0
6,Min Sum,Full-Contraction,1.0,1141.3962288657578,58,0,1.0
6,Min Sum,Full-Contraction,1.0,914.6074665193954,54,0,1.0
6,Min Sum,Full-Contraction,1.0,1207.7619219368491,61,0,1.0
6,Min Sum,Full-Contraction,1.0,1207.7619219368491,61,0,1.0
6,Min Sum,Full-Contraction,1.0,1414.213562373095,71,0,1.0
6,Min Sum,Full-Contraction,1.0,1407.1157772989116,70,0,1.0
6,Min Sum,Full-Contraction,1.0,1514.9029102909335,76,0,1.0
6,Min Sum,Full-Contraction,1.0,1276.9409190306699,64,0,1.0
6,Min Sum,Full-Contraction,1.0,942.8090415820635,48,0,1.0
6,Min Sum,Full-Contraction,1.0,1207.7619219368491,61,0,1.0
6,Min Sum,Full-Contraction,1.0,942.8090415820635,48,0,1.0
6,Min Sum,Full-Contraction,1.0,956.7451800763997,49,0,1.0
6,Min Sum,Full-Contraction,1.0,1442.0858393617675,72,0,1.0
6,Min Sum,Full-Contraction,1.0,1251.7178481723402,70,0,1.0
6,Min Sum,Full-Contraction,1.0,1100.3365962614719,56,0,1.0
6,Min Sum,Full-Contraction,1.0,1407.1157772989116,70,0,1.0
6,Min Sum,Full-Contraction,1.0,1044.892871927207,53,0,1.0
6,Min Sum,Full-Contraction,1.0,1225.6517540566824,62,0,1.0
6,Min Sum,Full-Contraction,1.0,1276.9409190306699,64,0,1.0
6,Min Sum,Full-Contraction,1.0,1442.0858393617675,72,0,1.0
6,Min Sum,Full-Contraction,1.0,877.4184841260889,51,0,1.0
6,Min Sum,Full-Contraction,1.0,1094.9821355685963,68,0,1.0
6,Min Sum,Full-Contraction,1.0,1021.2379437554241,55,0,1.0
6,Min Sum,Full-Contraction,1.0,1202.4632436783336,68,0,1.0
6,Min Sum,Full-Contraction,1.0,1280.6755474401323,68,0,1.0
6,Min Sum,Full-Contraction,1.0,1365.383246840835,76,0,1.0
6,Min Sum,Full-Contraction,1.0,1273.6714870787973,71,0,1.0
6,Min Sum,Full-Contraction,1.0,1273.6714870787973,71,0,1.0
6,Min Sum,Full-Contraction,1.0,1092.064144013227,62,0,1.0
6,Min Sum,Full-Contraction,1.0,1092.064144013227,62,0,1.0
6,Min Sum,Full-Contraction,1.0,955.4810250874482,52,0,1.0
6,Min Sum,Full-Contraction,1.0,1094.9821355685963,68,0,1.0
6,Min Sum,Full-Contraction,1.0,1021.2379437554241,55,0,1.0
6,Min Sum,Full-Contraction,1.0,1202.4632436783336,69,0,1.0
6,Min Sum,Full-Contraction,1.0,1021.2379437554241,55,0,1.0
6,Min Sum,Full-Contraction,1.0,1365.383246840835,76,0,1.0
6,Min Sum,Full-Contraction,1.0,1092.064144013227,62,0,1.0
6,Min Sum,Full-Contraction,1.0,853.6110165128089,51,0,1.0
6,Min Sum,Full-Contraction,1.0,1273.6714870787973,71,0,1.0
6,Min Sum,Full-Contraction,1.0,1217.1481857876458,68,0,1.0
6,Min Sum,Full-Contraction,1.0,1202.4632436783336,68,0,1.0
6,Min Sum,Full-Contraction,1.0,1021.4139427686773,59,0,1.0
6,Min Sum,Full-Contraction,1.0,1092.064144013227,62,0,1.0
6,Min Sum,Full-Contraction,1.0,1021.2379437554241,55,0,1.0
6,Min Sum,Full-Contraction,1.0,1021.4139427686773,59,0,1.0
6,Min Sum,Full-Contraction,1.0,816.9433514846298,47,0,1.0
6,Min Sum,Full-Contraction,1.0,955.4810250874482,52,0,1.0
6,Min Sum,Full-Contraction,1.0,1170.2764477750256,62,0,1.0
6,Min Sum,Full-Contraction,1.0,1021.2379437554241,55,0,1.0
6,Min Sum,Full-Contraction,1.0,1092.064144013227,62,0,1.0
6,Min Sum,Full-Contraction,1.0,955.4810250874482,52,0,1.0
6,Min Sum,Full-Contraction,1.0,1202.4632436783336,68,0,1.0
6,Min Sum,Full-Contraction,1.0,1021.4139427686773,59,0,1.0
6,Min Sum,Full-Contraction,1.0,1202.4632436783336,68,0,1.0
6,Min Sum,Full-Contraction,1.0,1021.2379437554241,55,0,1.0
6,Min Sum,Full-Contraction,1.0,1125.1187736198117,64,0,1.0
6,Min Sum,Full-Contraction,1.0,1021.2379437554241,55,0,1.0
6,Min Sum,Full-Contraction,1.0,1135.7774116166881,62,0,1.0
6,Min Sum,Full-Contraction,1.0,955.4810250874482,52,0,1.0
6,Min Sum,Full-Contraction,1.0,1300.7344421893604,72,0,1.0
6,Min Sum,Full-Contraction,1.0,950.0839997451521,61,0,1.0
6,Min Sum,Full-Contraction,1.0,955.4810250874482,52,0,1.0
6,Min Sum,Full-Contraction,1.0,1365.383246840835,76,0,1.0
6,Min Sum,Full-Contraction,1.0,1365.383246840835,76,0,1.0
6,Min Sum,Full-Contraction,1.0,1092.064144013227,62,0,1.0
6,Min Sum,Full-Contraction,1.0,1232.5258299880059,74,0,1.0
6,Min Sum,Full-Contraction,1.0,1365.383246840835,76,0,1.0
6,Min Sum,Full-Contraction,1.0,1217.1481857876458,68,0,1.0
6,Min Sum,Full-Contraction,1.0,1217.1481857876458,68,0,1.0
6,Min Sum,Full-Contraction,1.0,1092.064144013227,62,0,1.0
6,Min Sum,Full-Contraction,1.0,1092.064144013227,62,0,1.0
6,Min Sum,Full-Contraction,1.0,1021.2379437554241,55,0,1.0
6,Min Sum,Full-Contraction,1.0,1273.6714870787973,71,0,1.0
6,Min Sum,Full-Contraction,1.0,1217.1481857876458,68,0,1.0
6,Min Sum,Full-Contraction,1.0,1202.4632436783336,68,0,1.0
6,Min Sum,Full-Contraction,1.0,1280.6755474401323,71,0,1.0
6,Min Sum,Full-Contraction,1.0,1092.064144013227,62,0,1.0
6,Min Sum,Full-Contraction,1.0,955.4810250874482,52,0,1.0
6,Min Sum,Full-Contraction,1.0,723.2461463992793,46,0,1.0
6,Min Sum,Full-Contraction,1.0,1217.1481857876458,68,0,1.0
6,Min Sum,Full-Contraction,1.0,1000.0943162909884,59,0,1.0
6,Min Sum,Full-Contraction,1.0,1094.9821355685963,68,0,1.0
6,Min Sum,Full-Contraction,1.0,1092.064144013227,62,0,1.0
6,Min Sum,Full-Contraction,1.0,1202.4632436783336,68,0,1.0
6,Min Sum,Full-Contraction,1.0,955.4810250874482,52,0,1.0
6,Min Sum,Full-Contraction,1.0,1280.6755474401323,68,0,1.0
6,Min Sum,Full-Contraction,1.0,1217.008732545826,61,0,1.0
6,Min Sum,Full-Contraction,1.0,1092.9971408438084,61,0,1.0
6,Min Sum,Full-Contraction,1.0,1271.4792619456694,64,0,1.0
6,Min Sum,Full-Contraction,1.0,1217.008732545826,61,0,1.0
6,Min Sum,Full-Contraction,1.0,1217.008732545826,64,0,1.0
6,Min Sum,Full-Contraction,1.0,1271.4792619456694,64,0,1.0
6,Min Sum,Full-Contraction,1.0,1458.5852494097924,73,0,1.0
6,Min Sum,Full-Contraction,1.0,1271.4792619456694,64,0,1.0
6,Min Sum,Full-Contraction,1.0,1370.134478063541,69,0,1.0
6,Min Sum,Full-Contraction,1.0,1019.803902718557,64,0,1.0
6,Min Sum,Full-Contraction,1.0,1370.134478063541,69,0,1.0
6,Min Sum,Full-Contraction,1.0,1092.9971408438084,61,0,1.0
6,Min Sum,Full-Contraction,1.0,1370.134478063541,69,0,1.0
6,Min Sum,Full-Contraction,1.0,899.3229555013679,61,0,1.0
6,Min Sum,Full-Contraction,1.0,1217.008732545826,64,0,1.0
6,Min Sum,Full-Contraction,1.0,1539.4649654579785,77,0,1.0
6,Min Sum,Full-Contraction,1.0,1092.9971408438084,61,0,1.0
6,Min Sum,Full-Contraction,1.0,1271.4792619456694,64,0,1.0
6,Min Sum,Full-Contraction,1.0,1023.3345472033855,61,0,1.0
6,Min Sum,Full-Contraction,1.0,1092.9971408438084,55,0,1.0
6,Min Sum,Full-Contraction,1.0,1370.134478063541,69,0,1.0
6,Min Sum,Full-Contraction,1.0,1458.5852494097924,73,0,1.0
6,Min Sum,Full-Contraction,1.0,1019.803902718557,52,0,1.0
6,Min Sum,Full-Contraction,1.0,1019.803902718557,52,0,1.0
6,Min Sum,Full-Contraction,1.0,899.3229555013679,61,0,1.0
6,Min Sum,Full-Contraction,1.0,1019.803902718557,64,0,1.0
6,Min Sum,Full-Contraction,1.0,1217.008732545826,61,0,1.0
6,Min Sum,Full-Contraction,1.0,848.5281374238571,61,0,1.0
6,Min Sum,Full-Contraction,1.0,1271.4792619456694,64,0,1.0
6,Min Sum,Full-Contraction,1.0,848.5281374238571,61,0,1.0
6,Min Sum,Full-Contraction,1.0,1217.008732545826,61,0,1.0
6,Min Sum,Full-Contraction,1.0,1019.803902718557,52,0,1.0
6,Min Sum,Full-Contraction,1.0,1019.803902718557,55,0,1.0
6,Min Sum,Full-Contraction,1.0,1019.803902718557,52,0,1.0
6,Min Sum,Full-Contraction,1.0,1370.134478063541,69,0,1.0
6,Min Sum,Full-Contraction,1.0,1271.4792619456694,64,0,1.0
6,Min Sum,Full-Contraction,1.0,1092.9971408438084,55,0,1.0
6,Min Sum,Full-Contraction,1.0,1019.803902718557,64,0,1.0
6,Min Sum,Full-Contraction,1.0,1499.851445020445,75,0,1.0
6,Min Sum,Full-Contraction,1.0,1092.9971408438084,55,0,1.0
6,Min Sum,Full-Contraction,1.0,1271.4792619456694,64,0,1.0
6,Min Sum,Full-Contraction,1.0,1217.008732545826,64,0,1.0
6,Min Sum,Full-Contraction,1.0,1217.008732545826,64,0,1.0
6,Min Sum,Full-Contraction,1.0,1271.4792619456694,64,0,1.0
6,Min Sum,Full-Contraction,1.0,1092.9971408438084,61,0,1.0
6,Min Sum,Full-Contraction,1.0,1217.008732545826,64,0,1.0
6,Min Sum,Full-Contraction,1.0,1217.008732545826,61,0,1.0
6,Min Sum,Full-Contraction,1.0,1217.008732545826,61,0,1.0
6,Min Sum,Full-Contraction,1.0,1092.9971408438084,55,0,1.0
6,Min Sum,Full-Contraction,1.0,1019.803902718557,52,0,1.0
6,Min Sum,Full-Contraction,1.0,1019.803902718557,61,0,1.0
6,Min Sum,Full-Contraction,1.0,1023.3345472033855,61,0,1.0
6,Min Sum,Full-Contraction,1.0,1092.9971408438084,61,0,1.0
6,Min Sum,Full-Contraction,1.0,1271.4792619456694,64,0,1.0
6,Min Sum,Full-Contraction,1.0,1217.008732545826,61,0,1.0
6,Min Sum,Full-Contraction,1.0,1217.008732545826,61,0,1.0
6,Min Sum,Full-Contraction,1.0,1019.803902718557,64,0,1.0
6,Min Sum,Full-Contraction,1.0,1271.4792619456694,64,0,1.0
6,Min Sum,Full-Contraction,1.0,1217.008732545826,61,0,1.0
6,Min Sum,Full-Contraction,1.0,1019.803902718557,52,0,1.0
6,Min Sum,Full-Contraction,1.0,1092.9971408438084,55,0,1.0
6,Min Sum,Full-Contraction,1.0,1217.008732545826,61,0,1.0
6,Min Sum,Full-Contraction,1.0,1092.9971408438084,55,0,1.0
6,Min Sum,Full-Contraction,1.0,1019.803902718557,55,0,1.0
6,Min Sum,Full-Contraction,1.0,1370.134478063541,69,0,1.0
6,Min Sum,Full-Contraction,1.0,1309.796778142315,73,0,1.0
6,Min Sum,Full-Contraction,1.0,1133.3333333333333,58,0,1.0
6,Min Sum,Full-Contraction,1.0,1178.5853250228606,76,0,1.0
6,Min Sum,Full-Contraction,1.0,1454.2351303796231,76,0,1.0
6,Min Sum,Full-Contraction,1.0,1266.9704494151183,81,0,1.0
6,Min Sum,Full-Contraction,1.0,1147.0294113235161,78,0,1.0
6,Min Sum,Full-Contraction,1.0,1308.6580047167197,78,0,1.0
6,Min Sum,Full-Contraction,1.0,1297.7237399820435,69,0,1.0
6,Min Sum,Full-Contraction,1.0,1084.1391565420008,69,0,1.0
6,Min Sum,Full-Contraction,1.0,1021.897354889386,55,0,1.0
6,Min Sum,Full-Contraction,1.0,1405.0409535882904,73,0,1.0
6,Min Sum,Full-Contraction,1.0,1133.3333333333333,58,0,1.0
6,Min Sum,Full-Contraction,1.0,1308.6580047167197,78,0,1.0
6,Min Sum,Full-Contraction,1.0,1133.3333333333333,58,0,1.0
6,Min Sum,Full-Contraction,1.0,1266.9704494151183,81,0,1.0
6,Min Sum,Full-Contraction,1.0,1266.5459916834752,69,0,1.0
6,Min Sum,Full-Contraction,1.0,1118.3977024526657,60,0,1.0
6,Min Sum,Full-Contraction,1.0,1287.680893233279,78,0,1.0
6,Min Sum,Full-Contraction,1.0,1297.7237399820435,76,0,1.0
6,Min Sum,Full-Contraction,1.0,1068.415370432354,73,0,1.0
6,Min Sum,Full-Contraction,1.0,1068.415370432354,66,0,1.0
6,Min Sum,Full-Contraction,1.0,1220.6399268663004,69,0,1.0
6,Min Sum,Full-Contraction,1.0,1167.5918792439982,60,0,1.0
6,Min Sum,Full-Contraction,1.0,1167.5918792439982,66,0,1.0
6,Min Sum,Full-Contraction,1.0,1034.9449797506682,55,0,1.0
6,Min Sum,Full-Contraction,1.0,1071.0915316807186,55,0,1.0
6,Min Sum,Full-Contraction,1.0,1297.7237399820435,69,0,1.0
6,Min Sum,Full-Contraction,1.0,1034.9449797506682,58,0,1.0
6,Min Sum,Full-Contraction,1.0,1099.6424368434102,69,0,1.0
6,Min Sum,Full-Contraction,1.0,1071.0915316807186,55,0,1.0
6,Min Sum,Full-Contraction,1.0,1194.886612289386,73,0,1.0
6,Min Sum,Full-Contraction,1.0,968.0531526264099,66,0,1.0
6,Min Sum,Full-Contraction,1.0,1068.415370432354,73,0,1.0
6,Min Sum,Full-Contraction,1.0,1167.5918792439982,60,0,1.0
6,Min Sum,Full-Contraction,1.0,1405.0409535882904,73,0,1.0
6,Min Sum,Full-Contraction,1.0,1021.897354889386,58,0,1.0
6,Min Sum,Full-Contraction,1.0,1297.7237399820435,69,0,1.0
6,Min Sum,Full-Contraction,1.0,1071.0915316807186,55,0,1.0
6,Min Sum,Full-Contraction,1.0,1576.2978348265735,81,0,1.0
6,Min Sum,Full-Contraction,1.0,1129.391148231528,66,0,1.0
6,Min Sum,Full-Contraction,1.0,873.9848152430961,55,0,1.0
6,Min Sum,Full-Contraction,1.0,1266.9704494151183,81,0,1.0
6,Min Sum,Full-Contraction,1.0,1266.9704494151183,81,0,1.0
6,Min Sum,Full-Contraction,1.0,1021.897354889386,69,0,1.0
6,Min Sum,Full-Contraction,1.0,1297.7237399820435,79,0,1.0
6,Min Sum,Full-Contraction,1.0,1266.9704494151183,81,0,1.0
6,Min Sum,Full-Contraction,1.0,1105.3418560219147,76,0,1.0
6,Min Sum,Full-Contraction,1.0,1105.3418560219147,76,0,1.0
6,Min Sum,Full-Contraction,1.0,1167.5918792439982,69,0,1.0
6,Min Sum,Full-Contraction,1.0,958.9909549336473,69,0,1.0
6,Min Sum,Full-Contraction,1.0,929.2204726372017,59,0,1.0
6,Min Sum,Full-Contraction,1.0,1147.0294113235161,78,0,1.0
6,Min Sum,Full-Contraction,1.0,1456.1476792305823,76,0,1.0
6,Min Sum,Full-Contraction,1.0,1178.5853250228606,76,0,1.0
6,Min Sum,Full-Contraction,1.0,1266.9704494151183,78,0,1.0
6,Min Sum,Full-Contraction,1.0,1297.7237399820435,69,0,1.0
6,Min Sum,Full-Contraction,1.0,1021.897354889386,55,0,1.0
6,Min Sum,Full-Contraction,1.0,1021.897354889386,55,0,1.0
6,Min Sum,Full-Contraction,1.0,1297.7237399820435,76,0,1.0
6,Min Sum,Full-Contraction,1.0,919.2368069326235,66,0,1.0
6,Min Sum,Full-Contraction,1.0,1257.592600247818,73,0,1.0
6,Min Sum,Full-Contraction,1.0,1118.3977024526657,69,0,1.0
6,Min Sum,Full-Contraction,1.0,1068.415370432354,73,0,1.0
6,Min Sum,Full-Contraction,1.0,968.0531526264099,60,0,1.0
6,Min Sum,Full-Contraction,1.0,1215.8637237728265,73,0,1.0
6,Min Sum,Full-Contraction,1.0,1054.9477807951157,64,0,1.0
6,Min Sum,Full-Contraction,1.0,1177.6440945405602,60,0,1.0
6,Min Sum,Full-Contraction,1.0,1202.0044558949326,62,0,1.0
6,Min Sum,Full-Contraction,1.0,1219.1869800761647,64,0,1.0
6,Min Sum,Full-Contraction,1.0,1248.8530956354589,71,0,1.0
6,Min Sum,Full-Contraction,1.0,1284.450079278974,66,0,1.0
6,Min Sum,Full-Contraction,1.0,1284.450079278974,66,0,1.0
6,Min Sum,Full-Contraction,1.0,956.4403779139174,58,0,1.0
6,Min Sum,Full-Contraction,1.0,1077.1054862678116,58,0,1.0
6,Min Sum,Full-Contraction,1.0,1002.2597058777231,53,0,1.0
6,Min Sum,Full-Contraction,1.0,971.3550024645133,64,0,1.0
6,Min Sum,Full-Contraction,1.0,1147.9779789812662,60,0,1.0
6,Min Sum,Full-Contraction,1.0,1236.0011790249307,64,0,1.0
6,Min Sum,Full-Contraction,1.0,1177.6440945405602,60,0,1.0
6,Min Sum,Full-Contraction,1.0,1123.3239601914324,71,0,1.0
6,Min Sum,Full-Contraction,1.0,1231.6705714542265,62,0,1.0
6,Min Sum,Full-Contraction,1.0,928.5592184789414,48,0,1.0
6,Min Sum,Full-Contraction,1.0,1284.450079278974,66,0,1.0
6,Min Sum,Full-Contraction,1.0,1219.1869800761647,63,0,1.0
6,Min Sum,Full-Contraction,1.0,971.3550024645135,64,0,1.0
6,Min Sum,Full-Contraction,1.0,1077.1054862678118,55,0,1.0
6,Min Sum,Full-Contraction,1.0,1109.5620513907295,58,0,1.0
6,Min Sum,Full-Contraction,1.0,1025.2816652358215,54,0,1.0
6,Min Sum,Full-Contraction,1.0,1025.2816652358217,54,0,1.0
6,Min Sum,Full-Contraction,1.0,1031.9258214370172,53,0,1.0
6,Min Sum,Full-Contraction,1.0,1047.4393707085176,55,0,1.0
6,Min Sum,Full-Contraction,1.0,1109.5620513907295,58,0,1.0
6,Min Sum,Full-Contraction,1.0,1147.9779789812662,60,0,1.0
6,Min Sum,Full-Contraction,1.0,956.4403779139174,58,0,1.0
6,Min Sum,Full-Contraction,1.0,1047.4393707085176,55,0,1.0
6,Min Sum,Full-Contraction,1.0,971.3550024645135,64,0,1.0
6,Min Sum,Full-Contraction,1.0,1025.2816652358217,54,0,1.0
6,Min Sum,Full-Contraction,1.0,971.3550024645135,64,0,1.0
6,Min Sum,Full-Contraction,1.0,1025.2816652358215,54,0,1.0
6,Min Sum,Full-Contraction,1.0,1147.9779789812667,60,0,1.0
6,Min Sum,Full-Contraction,1.0,1147.9779789812662,60,0,1.0
6,Min Sum,Full-Contraction,1.0,1109.5620513907293,58,0,1.0
6,Min Sum,Full-Contraction,1.0,1047.4393707085176,55,0,1.0
6,Min Sum,Full-Contraction,1.0,1315.2698145883705,68,0,1.0
6,Min Sum,Full-Contraction,1.0,1031.9258214370172,58,0,1.0
6,Min Sum,Full-Contraction,1.0,1002.2597058777231,53,0,1.0
6,Min Sum,Full-Contraction,1.0,1248.8530956354589,71,0,1.0
6,Min Sum,Full-Contraction,1.0,1248.8530956354589,71,0,1.0
6,Min Sum,Full-Contraction,1.0,956.4403779139174,58,0,1.0
6,Min Sum,Full-Contraction,1.0,1123.3239601914322,71,0,1.0
6,Min Sum,Full-Contraction,1.0,1123.3239601914324,71,0,1.0
6,Min Sum,Full-Contraction,1.0,1219.1869800761647,63,0,1.0
6,Min Sum,Full-Contraction,1.0,1219.1869800761647,63,0,1.0
6,Min Sum,Full-Contraction,1.0,1109.5620513907293,58,0,1.0
6,Min Sum,Full-Contraction,1.0,869.226987360353,58,0,1.0
6,Min Sum,Full-Contraction,1.0,1147.9779789812662,60,0,1.0
6,Min Sum,Full-Contraction,1.0,1284.450079278974,66,0,1.0
6,Min Sum,Full-Contraction,1.0,1109.5620513907293,64,0,1.0
6,Min Sum,Full-Contraction,1.0,1025.2816652358217,62,0,1.0
6,Min Sum,Full-Contraction,1.0,1284.450079278974,66,0,1.0
6,Min Sum,Full-Contraction,1.0,1109.5620513907295,58,0,1.0
6,Min Sum,Full-Contraction,1.0,1047.4393707085176,55,0,1.0
6,Min Sum,Full-Contraction,1.0,956.4403779139174,49,0,1.0
6,Min Sum,Full-Contraction,1.0,1219.1869800761647,63,0,1.0
6,Min Sum,Full-Contraction,1.0,953.1584665503113,54,0,1.0
6,Min Sum,Full-Contraction,1.0,1054.9477807951157,64,0,1.0
6,Min Sum,Full-Contraction,1.0,898.8931029196474,58,0,1.0
6,Min Sum,Full-Contraction,1.0,971.3550024645135,64,0,1.0
6,Min Sum,Full-Contraction,1.0,1047.4393707085176,55,0,1.0
6,Min Sum,Full-Contraction,1.0,1147.9779789812667,64,0,1.0
6,Min Sum,Full-Contraction,1.0,1092.9971408438084,55,0,1.0
6,Min Sum,Full-Contraction,1.0,1539.4649654579785,77,0,1.0
6,Min Sum,Full-Contraction,1.0,1131.370849898476,61,0,1.0
6,Min Sum,Full-Contraction,1.0,1092.9971408438084,55,0,1.0
6,Min Sum,Full-Contraction,1.0,1092.9971408438084,55,0,1.0
6,Min Sum,Full-Contraction,1.0,1284.4965954161912,69,0,1.0
6,Min Sum,Full-Contraction,1.0,1414.213562373095,75,0,1.0
6,Min Sum,Full-Contraction,1.0,1284.4965954161912,69,0,1.0
6,Min Sum,Full-Contraction,1.0,1453.8270828106286,77,0,1.0
6,Min Sum,Full-Contraction,1.0,1284.4965954161912,69,0,1.0
6,Min Sum,Full-Contraction,1.0,1019.803902718557,52,0,1.0
6,Min Sum,Full-Contraction,1.0,1217.008732545826,77,0,1.0
6,Min Sum,Full-Contraction,1.0,934.166020071207,52,0,1.0
6,Min Sum,Full-Contraction,1.0,1539.4649654579785,77,0,1.0
6,Min Sum,Full-Contraction,1.0,848.5281374238571,55,0,1.0
6,Min Sum,Full-Contraction,1.0,1564.4394938110665,82,0,1.0
6,Min Sum,Full-Contraction,1.0,1271.4792619456694,71,0,1.0
6,Min Sum,Full-Contraction,1.0,1284.4965954161912,69,0,1.0
6,Min Sum,Full-Contraction,1.0,1019.803902718557,61,0,1.0
6,Min Sum,Full-Contraction,1.0,934.166020071207,52,0,1.0
6,Min Sum,Full-Contraction,1.0,1453.8270828106286,77,0,1.0
6,Min Sum,Full-Contraction,1.0,1414.213562373095,75,0,1.0
6,Min Sum,Full-Contraction,1.0,1092.9971408438084,55,0,1.0
6,Min Sum,Full-Contraction,1.0,1092.9971408438084,55,0,1.0
6,Min Sum,Full-Contraction,1.0,1372.9473667624425,73,0,1.0
6,Min Sum,Full-Contraction,1.0,1329.8025825256702,71,0,1.0
6,Min Sum,Full-Contraction,1.0,1092.9971408438084,55,0,1.0
6,Min Sum,Full-Contraction,1.0,1453.8270828106286,77,0,1.0
6,Min Sum,Full-Contraction,1.0,1284.4965954161912,69,0,1.0
6,Min Sum,Full-Contraction,1.0,1370.134478063541,69,0,1.0
6,Min Sum,Full-Contraction,1.0,1007.3592581964585,55,0,1.0
6,Min Sum,Full-Contraction,1.0,1372.9473667624425,73,0,1.0
6,Min Sum,Full-Contraction,1.0,934.166020071207,52,0,1.0
6,Min Sum,Full-Contraction,1.0,1092.9971408438084,55,0,1.0
6,Min Sum,Full-Contraction,1.0,1372.9473667624425,73,0,1.0
6,Min Sum,Full-Contraction,1.0,1453.8270828106286,77,0,1.0
6,Min Sum,Full-Contraction,1.0,1019.803902718557,52,0,1.0
6,Min Sum,Full-Contraction,1.0,1372.9473667624425,73,0,1.0
6,Min Sum,Full-Contraction,1.0,1131.370849898476,61,0,1.0
6,Min Sum,Full-Contraction,1.0,1217.008732545826,61,0,1.0
6,Min Sum,Full-Contraction,1.0,1370.134478063541,69,0,1.0
6,Min Sum,Full-Contraction,1.0,1217.008732545826,61,0,1.0
6,Min Sum,Full-Contraction,1.0,1217.008732545826,61,0,1.0
6,Min Sum,Full-Contraction,1.0,1372.9473667624425,73,0,1.0
6,Min Sum,Full-Contraction,1.0,1217.008732545826,61,0,1.0
6,Min Sum,Full-Contraction,1.0,1007.3592581964585,55,0,1.0
6,Min Sum,Full-Contraction,1.0,1131.370849898476,61,0,1.0
6,Min Sum,Full-Contraction,1.0,1131.370849898476,61,0,1.0
6,Min Sum,Full-Contraction,1.0,1131.370849898476,71,0,1.0
6,Min Sum,Full-Contraction,1.0,1329.8025825256702,71,0,1.0
6,Min Sum,Full-Contraction,1.0,1453.8270828106286,77,0,1.0
6,Min Sum,Full-Contraction,1.0,1217.008732545826,64,0,1.0
6,Min Sum,Full-Contraction,1.0,1019.803902718557,52,0,1.0
6,Min Sum,Full-Contraction,1.0,1131.370849898476,61,0,1.0
6,Min Sum,Full-Contraction,1.0,1019.803902718557,52,0,1.0
6,Min Sum,Full-Contraction,1.0,1019.803902718557,52,0,1.0
6,Min Sum,Full-Contraction,1.0,1415.4404651730201,73,0,1.0
6,Min Sum,Full-Contraction,1.0,1370.134478063541,71,0,1.0
6,Min Sum,Full-Contraction,1.0,1092.9971408438084,55,0,1.0
6,Min Sum,Full-Contraction,1.0,1329.8025825256702,71,0,1.0
6,Min Sum,Full-Contraction,1.0,1092.9971408438084,55,0,1.0
6,Min Sum,Full-Contraction,1.0,1131.370849898476,61,0,1.0
6,Min Sum,Full-Contraction,1.0,1185.8413792983192,64,0,1.0
6,Min Sum,Full-Contraction,1.0,1372.9473667624425,73,0,1.0
6,Min Sum,Full-Contraction,1.0,1019.803902718557,52,0,1.0
6,Min Sum,Full-Contraction,1.0,1201.903080666718,67,0,1.0
6,Min Sum,Full-Contraction,1.0,1147.0821179526724,58,0,1.0
6,Min Sum,Full-Contraction,1.0,1093.1709909964081,69,0,1.0
6,Min Sum,Full-Contraction,1.0,1333.9608391554102,69,0,1.0
6,Min Sum,Full-Contraction,1.0,1225.6844193363468,75,0,1.0
6,Min Sum,Full-Contraction,1.0,1139.5477872345582,71,0,1.0
6,Min Sum,Full-Contraction,1.0,1220.6776507765271,71,0,1.0
6,Min Sum,Full-Contraction,1.0,1188.6940514040368,62,0,1.0
6,Min Sum,Full-Contraction,1.0,1121.1457205370393,62,0,1.0
6,Min Sum,Full-Contraction,1.0,1028.1561559738268,54,0,1.0
6,Min Sum,Full-Contraction,1.0,1308.024441739777,67,0,1.0
6,Min Sum,Full-Contraction,1.0,1147.0821179526724,58,0,1.0
6,Min Sum,Full-Contraction,1.0,1142.289348001475,71,0,1.0
6,Min Sum,Full-Contraction,1.0,1147.0821179526724,58,0,1.0
6,Min Sum,Full-Contraction,1.0,1225.6844193363468,75,0,1.0
6,Min Sum,Full-Contraction,1.0,1291.3278520210768,66,0,1.0
6,Min Sum,Full-Contraction,1.0,1028.1561559738268,55,0,1.0
6,Min Sum,Full-Contraction,1.0,1187.5348549770085,71,0,1.0
6,Min Sum,Full-Contraction,1.0,1188.6940514040368,69,0,1.0
6,Min Sum,Full-Contraction,1.0,1060.7736659894772,67,0,1.0
6,Min Sum,Full-Contraction,1.0,1121.1457205370393,59,0,1.0
6,Min Sum,Full-Contraction,1.0,1227.8394780823512,63,0,1.0
6,Min Sum,Full-Contraction,1.0,1078.8111219362916,55,0,1.0
6,Min Sum,Full-Contraction,1.0,1078.8111219362916,59,0,1.0
6,Min Sum,Full-Contraction,1.0,1002.2197585581938,53,0,1.0
6,Min Sum,Full-Contraction,1.0,1028.1561559738268,54,0,1.0
6,Min Sum,Full-Contraction,1.0,1188.6940514040368,62,0,1.0
6,Min Sum,Full-Contraction,1.0,1147.0821179526724,58,0,1.0
6,Min Sum,Full-Contraction,1.0,1002.6393726588685,62,0,1.0
6,Min Sum,Full-Contraction,1.0,1054.09255338946,54,0,1.0
6,Min Sum,Full-Contraction,1.0,1108.7607337319275,67,0,1.0
6,Min Sum,Full-Contraction,1.0,1000.8019568131265,59,0,1.0
6,Min Sum,Full-Contraction,1.0,1060.7736659894772,67,0,1.0
6,Min Sum,Full-Contraction,1.0,1078.8111219362916,55,0,1.0
6,Min Sum,Full-Contraction,1.0,1308.024441739777,67,0,1.0
6,Min Sum,Full-Contraction,1.0,1147.0821179526724,58,0,1.0
6,Min Sum,Full-Contraction,1.0,1188.6940514040368,62,0,1.0
6,Min Sum,Full-Contraction,1.0,1054.09255338946,54,0,1.0
6,Min Sum,Full-Contraction,1.0,1472.935195086647,75,0,1.0
6,Min Sum,Full-Contraction,1.0,1028.1561559738268,60,0,1.0
6,Min Sum,Full-Contraction,1.0,870.2339480609634,54,0,1.0
6,Min Sum,Full-Contraction,1.0,1225.6844193363468,75,0,1.0
6,Min Sum,Full-Contraction,1.0,1225.6844193363468,75,0,1.0
6,Min Sum,Full-Contraction,1.0,1028.1561559738268,62,0,1.0
6,Min Sum,Full-Contraction,1.0,1245.8329885050002,74,0,1.0
6,Min Sum,Full-Contraction,1.0,1225.6844193363468,75,0,1.0
6,Min Sum,Full-Contraction,1.0,1093.1709909964081,69,0,1.0
6,Min Sum,Full-Contraction,1.0,1093.1709909964081,69,0,1.0
6,Min Sum,Full-Contraction,1.0,1078.8111219362916,62,0,1.0
6,Min Sum,Full-Contraction,1.0,954.6523049164182,62,0,1.0
6,Min Sum,Full-Contraction,1.0,1147.0821179526724,58,0,1.0
6,Min Sum,Full-Contraction,1.0,1187.5348549770085,71,0,1.0
6,Min Sum,Full-Contraction,1.0,1333.9608391554102,69,0,1.0
6,Min Sum,Full-Contraction,1.0,1093.1709909964081,69,0,1.0
6,Min Sum,Full-Contraction,1.0,1333.9608391554102,71,0,1.0
6,Min Sum,Full-Contraction,1.0,1188.6940514040368,62,0,1.0
6,Min Sum,Full-Contraction,1.0,1028.1561559738268,54,0,1.0
6,Min Sum,Full-Contraction,1.0,881.1683543121428,54,0,1.0
6,Min Sum,Full-Contraction,1.0,1188.6940514040368,69,0,1.0
6,Min Sum,Full-Contraction,1.0,943.0256399936252,59,0,1.0
6,Min Sum,Full-Contraction,1.0,1142.289348001475,67,0,1.0
6,Min Sum,Full-Contraction,1.0,1002.2197585581938,62,0,1.0
6,Min Sum,Full-Contraction,1.0,1060.7736659894772,67,0,1.0
6,Min Sum,Full-Contraction,1.0,1054.09255338946,54,0,1.0
6,Min Sum,Full-Contraction,1.0,1308.024441739777,67,0,1.0
6,Min Sum,Full-Contraction,1.0,1121.1457205370393,62,0,1.0
6,Min Sum,Full-Contraction,1.0,1589.431727100064,85,0,1.0
6,Min Sum,Full-Contraction,1.0,1393.196741574156,70,0,1.0
6,Min Sum,Full-Contraction,1.0,1240.071682515885,62,0,1.0
6,Min Sum,Full-Contraction,1.0,1121.1457205370393,62,0,1.0
6,Min Sum,Full-Contraction,1.0,1535.3378557743413,76,0,1.0
6,Min Sum,Full-Contraction,1.0,1658.1966080844381,82,0,1.0
6,Min Sum,Full-Contraction,1.0,1535.3378557743413,76,0,1.0
6,Min Sum,Full-Contraction,1.0,1708.3576890789095,85,0,1.0
6,Min Sum,Full-Contraction,1.0,1393.196741574156,76,0,1.0
6,Min Sum,Full-Contraction,1.0,1002.2197585581939,57,0,1.0
6,Min Sum,Full-Contraction,1.0,1589.431727100064,85,0,1.0
6,Min Sum,Full-Contraction,1.0,1000.0943162909884,57,0,1.0
6,Min Sum,Full-Contraction,1.0,1589.431727100064,85,0,1.0
6,Min Sum,Full-Contraction,1.0,1142.289348001475,63,0,1.0
6,Min Sum,Full-Contraction,1.0,1813.536760589153,90,0,1.0
6,Min Sum,Full-Contraction,1.0,1591.8611570654925,79,0,1.0
6,Min Sum,Full-Contraction,1.0,1535.3378557743413,76,0,1.0
6,Min Sum,Full-Contraction,1.0,1393.196741574156,70,0,1.0
6,Min Sum,Full-Contraction,1.0,1002.2197585581939,57,0,1.0
6,Min Sum,Full-Contraction,1.0,1708.3576890789095,85,0,1.0
6,Min Sum,Full-Contraction,1.0,1658.1966080844381,82,0,1.0
6,Min Sum,Full-Contraction,1.0,1261.2153099803206,63,0,1.0
6,Min Sum,Full-Contraction,1.0,1261.2153099803206,63,0,1.0
6,Min Sum,Full-Contraction,1.0,1355.3361014121651,81,0,1.0
6,Min Sum,Full-Contraction,1.0,1416.4118937954956,79,0,1.0
6,Min Sum,Full-Contraction,1.0,1240.071682515885,62,0,1.0
6,Min Sum,Full-Contraction,1.0,1589.431727100064,85,0,1.0
6,Min Sum,Full-Contraction,1.0,1535.3378557743413,76,0,1.0
6,Min Sum,Full-Contraction,1.0,1416.4118937954956,76,0,1.0
6,Min Sum,Full-Contraction,1.0,963.2235126241758,62,0,1.0
6,Min Sum,Full-Contraction,1.0,1632.184271303874,81,0,1.0
6,Min Sum,Full-Contraction,1.0,963.2235126241758,57,0,1.0
6,Min Sum,Full-Contraction,1.0,1261.2153099803206,63,0,1.0
6,Min Sum,Full-Contraction,1.0,1632.184271303874,81,0,1.0
6,Min Sum,Full-Contraction,1.0,1589.431727100064,85,0,1.0
6,Min Sum,Full-Contraction,1.0,1093.791521376339,58,0,1.0
6,Min Sum,Full-Contraction,1.0,1416.4118937954956,81,0,1.0
6,Min Sum,Full-Contraction,1.0,1393.196741574156,70,0,1.0
6,Min Sum,Full-Contraction,1.0,1256.8288158627392,69,0,1.0
6,Min Sum,Full-Contraction,1.0,1324.3824816276615,76,0,1.0
6,Min Sum,Full-Contraction,1.0,1256.8288158627392,69,0,1.0
6,Min Sum,Full-Contraction,1.0,1256.8288158627392,69,0,1.0
6,Min Sum,Full-Contraction,1.0,1632.184271303874,81,0,1.0
6,Min Sum,Full-Contraction,1.0,1080.8516764206672,66,0,1.0
6,Min Sum,Full-Contraction,1.0,1142.289348001475,63,0,1.0
6,Min Sum,Full-Contraction,1.0,1393.196741574156,70,0,1.0
6,Min Sum,Full-Contraction,1.0,1393.196741574156,70,0,1.0
6,Min Sum,Full-Contraction,1.0,1591.8611570654925,79,0,1.0
6,Min Sum,Full-Contraction,1.0,1591.8611570654925,79,0,1.0
6,Min Sum,Full-Contraction,1.0,1589.431727100064,85,0,1.0
6,Min Sum,Full-Contraction,1.0,1443.308443606507,72,0,1.0
6,Min Sum,Full-Contraction,1.0,1093.791521376339,57,0,1.0
6,Min Sum,Full-Contraction,1.0,1393.196741574156,70,0,1.0
6,Min Sum,Full-Contraction,1.0,1002.2197585581939,57,0,1.0
6,Min Sum,Full-Contraction,1.0,1093.791521376339,58,0,1.0
6,Min Sum,Full-Contraction,1.0,1591.8611570654925,81,0,1.0
6,Min Sum,Full-Contraction,1.0,1591.8611570654925,79,0,1.0
6,Min Sum,Full-Contraction,1.0,1240.071682515885,62,0,1.0
6,Min Sum,Full-Contraction,1.0,1591.8611570654925,79,0,1.0
6,Min Sum,Full-Contraction,1.0,1121.1457205370393,62,0,1.0
6,Min Sum,Full-Contraction,1.0,1375.7547778415847,69,0,1.0
6,Min Sum,Full-Contraction,1.0,1443.308443606507,72,0,1.0
6,Min Sum,Full-Contraction,1.0,1632.184271303874,81,0,1.0
6,Min Sum,Full-Contraction,1.0,1121.1457205370393,57,0,1.0
6,Min Sum,Full-Contraction,1.0,878.6471880689548,54,0,1.0
6,Min Sum,Full-Contraction,1.0,1141.4226636149208,59,0,1.0
6,Min Sum,Full-Contraction,1.0,1121.0342993034772,56,0,1.0
6,Min Sum,Full-Contraction,1.0,1110.594035442545,56,0,1.0
6,Min Sum,Full-Contraction,1.0,1078.1859146865431,59,0,1.0
6,Min Sum,Full-Contraction,1.0,982.4068351414743,61,0,1.0
6,Min Sum,Full-Contraction,1.0,1401.6223437000149,70,0,1.0
6,Min Sum,Full-Contraction,1.0,982.4068351414743,61,0,1.0
6,Min Sum,Full-Contraction,1.0,1105.7501552201597,67,0,1.0
6,Min Sum,Full-Contraction,1.0,982.4068351414743,61,0,1.0
6,Min Sum,Full-Contraction,1.0,1226.3342039173526,61,0,1.0
6,Min Sum,Full-Contraction,1.0,1141.4226636149208,59,0,1.0
6,Min Sum,Full-Contraction,1.0,1217.3808124816956,61,0,1.0
6,Min Sum,Full-Contraction,1.0,1141.4226636149208,59,0,1.0
6,Min Sum,Full-Contraction,1.0,1078.1859146865431,59,0,1.0
6,Min Sum,Full-Contraction,1.0,1260.194786716624,75,0,1.0
6,Min Sum,Full-Contraction,1.0,954.5214042184234,56,0,1.0
6,Min Sum,Full-Contraction,1.0,1141.4226636149208,61,0,1.0
6,Min Sum,Full-Contraction,1.0,1078.1859146865431,54,0,1.0
6,Min Sum,Full-Contraction,1.0,940.3421684242052,52,0,1.0
6,Min Sum,Full-Contraction,1.0,1105.7501552201597,67,0,1.0
6,Min Sum,Full-Contraction,1.0,1401.6223437000149,70,0,1.0
6,Min Sum,Full-Contraction,1.0,784.5788506856412,48,0,1.0
6,Min Sum,Full-Contraction,1.0,910.594035442545,48,0,1.0
6,Min Sum,Full-Contraction,1.0,1141.4226636149208,57,0,1.0
6,Min Sum,Full-Contraction,1.0,982.4068351414743,61,0,1.0
6,Min Sum,Full-Contraction,1.0,954.5214042184234,56,0,1.0
6,Min Sum,Full-Contraction,1.0,963.5090928545214,59,0,1.0
6,Min Sum,Full-Contraction,1.0,1110.594035442545,61,0,1.0
6,Min Sum,Full-Contraction,1.0,1141.4226636149208,57,0,1.0
6,Min Sum,Full-Contraction,1.0,1110.594035442545,56,0,1.0
6,Min Sum,Full-Contraction,1.0,825.4768074189208,55,0,1.0
6,Min Sum,Full-Contraction,1.0,954.5214042184234,52,0,1.0
6,Min Sum,Full-Contraction,1.0,910.594035442545,48,0,1.0
6,Min Sum,Full-Contraction,1.0,1226.3342039173526,61,0,1.0
6,Min Sum,Full-Contraction,1.0,982.4068351414743,61,0,1.0
6,Min Sum,Full-Contraction,1.0,954.5214042184234,48,0,1.0
6,Min Sum,Full-Contraction,1.0,989.3847230756469,61,0,1.0
6,Min Sum,Full-Contraction,1.0,1349.6775239960384,67,0,1.0
6,Min Sum,Full-Contraction,1.0,954.5214042184234,48,0,1.0
6,Min Sum,Full-Contraction,1.0,982.4068351414743,61,0,1.0
6,Min Sum,Full-Contraction,1.0,1078.1859146865431,59,0,1.0
6,Min Sum,Full-Contraction,1.0,1078.1859146865431,59,0,1.0
6,Min Sum,Full-Contraction,1.0,982.4068351414743,61,0,1.0
6,Min Sum,Full-Contraction,1.0,1060.2884015561604,59,0,1.0
6,Min Sum,Full-Contraction,1.0,1078.1859146865431,59,0,1.0
6,Min Sum,Full-Contraction,1.0,861.2668684408868,54,0,1.0
6,Min Sum,Full-Contraction,1.0,861.2668684408868,54,0,1.0
6,Min Sum,Full-Contraction,1.0,910.5940354425451,56,0,1.0
6,Min Sum,Full-Contraction,1.0,803.6839635872722,54,0,1.0
6,Min Sum,Full-Contraction,1.0,1110.594035442545,59,0,1.0
6,Min Sum,Full-Contraction,1.0,1141.4226636149208,57,0,1.0
6,Min Sum,Full-Contraction,1.0,1078.1859146865431,54,0,1.0
6,Min Sum,Full-Contraction,1.0,1121.0342993034772,56,0,1.0
6,Min Sum,Full-Contraction,1.0,1078.1859146865431,55,0,1.0
6,Min Sum,Full-Contraction,1.0,1066.9875692076828,54,0,1.0
6,Min Sum,Full-Contraction,1.0,989.3847230756469,61,0,1.0
6,Min Sum,Full-Contraction,1.0,982.4068351414743,61,0,1.0
6,Min Sum,Full-Contraction,1.0,1110.594035442545,56,0,1.0
6,Min Sum,Full-Contraction,1.0,878.6471880689548,54,0,1.0
6,Min Sum,Full-Contraction,1.0,954.5214042184234,52,0,1.0
6,Min Sum,Full-Contraction,1.0,1110.594035442545,57,0,1.0
6,Min Sum,Full-Contraction,1.0,909.2940198699904,54,0,1.0
6,Min Sum,Full-Contraction,1.0,910.594035442545,55,0,1.0
6,Min Sum,Full-Contraction,1.0,1226.3342039173526,61,0,1.0
6,Min Sum,Full-Contraction,1.0,889.4442709417555,51,0,1.0
6,Min Sum,Full-Contraction,1.0,1252.74737444691,73,0,1.0
6,Min Sum,Full-Contraction,1.0,1002.6393726588685,59,0,1.0
6,Min Sum,Full-Contraction,1.0,853.8141551514427,56,0,1.0
6,Min Sum,Full-Contraction,1.0,971.7684121656075,51,0,1.0
6,Min Sum,Full-Contraction,1.0,1202.4632436783336,69,0,1.0
6,Min Sum,Full-Contraction,1.0,1232.525829988006,75,0,1.0
6,Min Sum,Full-Contraction,1.0,1202.4632436783336,69,0,1.0
6,Min Sum,Full-Contraction,1.0,1365.383246840835,77,0,1.0
6,Min Sum,Full-Contraction,1.0,1106.3699101801847,69,0,1.0
6,Min Sum,Full-Contraction,1.0,1049.178230172799,53,0,1.0
6,Min Sum,Full-Contraction,1.0,1252.74737444691,73,0,1.0
6,Min Sum,Full-Contraction,1.0,947.5113602367932,48,0,1.0
6,Min Sum,Full-Contraction,1.0,1300.7344421893604,73,0,1.0
6,Min Sum,Full-Contraction,1.0,971.7684121656075,52,0,1.0
6,Min Sum,Full-Contraction,1.0,1484.1226946691272,82,0,1.0
6,Min Sum,Full-Contraction,1.0,1182.5869228434995,69,0,1.0
6,Min Sum,Full-Contraction,1.0,1094.9821355685965,69,0,1.0
6,Min Sum,Full-Contraction,1.0,1002.6393726588685,59,0,1.0
6,Min Sum,Full-Contraction,1.0,698.5812389996746,47,0,1.0
6,Min Sum,Full-Contraction,1.0,1365.383246840835,77,0,1.0
6,Min Sum,Full-Contraction,1.0,1232.525829988006,75,0,1.0
6,Min Sum,Full-Contraction,1.0,971.7684121656075,55,0,1.0
6,Min Sum,Full-Contraction,1.0,921.8820125291898,55,0,1.0
6,Min Sum,Full-Contraction,1.0,1231.601216670004,70,0,1.0
6,Min Sum,Full-Contraction,1.0,1267.9947378194422,69,0,1.0
6,Min Sum,Full-Contraction,1.0,889.4442709417555,56,0,1.0
6,Min Sum,Full-Contraction,1.0,1300.7344421893604,73,0,1.0
6,Min Sum,Full-Contraction,1.0,1114.935148840775,69,0,1.0
6,Min Sum,Full-Contraction,1.0,1077.1317058773614,65,0,1.0
6,Min Sum,Full-Contraction,1.0,853.8141551514427,56,0,1.0
6,Min Sum,Full-Contraction,1.0,1231.601216670004,70,0,1.0
6,Min Sum,Full-Contraction,1.0,853.8141551514427,47,0,1.0
6,Min Sum,Full-Contraction,1.0,921.8820125291898,55,0,1.0
6,Min Sum,Full-Contraction,1.0,1231.601216670004,70,0,1.0
6,Min Sum,Full-Contraction,1.0,1300.7344421893604,73,0,1.0
6,Min Sum,Full-Contraction,1.0,775.6018513896438,48,0,1.0
6,Min Sum,Full-Contraction,1.0,1267.9947378194422,70,0,1.0
6,Min Sum,Full-Contraction,1.0,1002.6393726588685,59,0,1.0
6,Min Sum,Full-Contraction,1.0,963.4939459805541,57,0,1.0
6,Min Sum,Full-Contraction,1.0,1106.3699101801847,69,0,1.0
6,Min Sum,Full-Contraction,1.0,971.7684121656075,57,0,1.0
6,Min Sum,Full-Contraction,1.0,963.4939459805541,57,0,1.0
6,Min Sum,Full-Contraction,1.0,1273.6714870787973,72,0,1.0
6,Min Sum,Full-Contraction,1.0,1085.9016041932557,56,0,1.0
6,Min Sum,Full-Contraction,1.0,971.7684121656075,52,0,1.0
6,Min Sum,Full-Contraction,1.0,1002.6393726588685,59,0,1.0
6,Min Sum,Full-Contraction,1.0,1002.6393726588685,59,0,1.0
6,Min Sum,Full-Contraction,1.0,1217.1481857876458,69,0,1.0
6,Min Sum,Full-Contraction,1.0,1202.4632436783336,69,0,1.0
6,Min Sum,Full-Contraction,1.0,1300.7344421893604,73,0,1.0
6,Min Sum,Full-Contraction,1.0,1092.0641440132272,63,0,1.0
6,Min Sum,Full-Contraction,1.0,775.6018513896438,48,0,1.0
6,Min Sum,Full-Contraction,1.0,1002.6393726588685,59,0,1.0
6,Min Sum,Full-Contraction,1.0,824.7806105039238,47,0,1.0
6,Min Sum,Full-Contraction,1.0,889.4442709417555,48,0,1.0
6,Min Sum,Full-Contraction,1.0,1267.9947378194422,70,0,1.0
6,Min Sum,Full-Contraction,1.0,1202.4632436783336,69,0,1.0
6,Min Sum,Full-Contraction,1.0,853.8141551514427,56,0,1.0
6,Min Sum,Full-Contraction,1.0,1202.4632436783336,69,0,1.0
6,Min Sum,Full-Contraction,1.0,889.4442709417555,51,0,1.0
6,Min Sum,Full-Contraction,1.0,950.0839997451524,62,0,1.0
6,Min Sum,Full-Contraction,1.0,1092.0641440132272,63,0,1.0
6,Min Sum,Full-Contraction,1.0,1267.9947378194422,70,0,1.0
6,Min Sum,Full-Contraction,1.0,1049.178230172799,53,0,1.0
6,Min Sum,Full-Contraction,1.0,1002.2197585581939,57,0,1.0
6,Min Sum,Full-Contraction,1.0,1308.0244417397773,66,0,1.0
6,Min Sum,Full-Contraction,1.0,945.8320147499749,55,0,1.0
6,Min Sum,Full-Contraction,1.0,1121.1457205370393,57,0,1.0
6,Min Sum,Full-Contraction,1.0,1256.8288158627392,64,0,1.0
6,Min Sum,Full-Contraction,1.0,1162.757653988404,59,0,1.0
6,Min Sum,Full-Contraction,1.0,1203.3310773816106,67,0,1.0
6,Min Sum,Full-Contraction,1.0,1041.706249742353,59,0,1.0
6,Min Sum,Full-Contraction,1.0,1186.9730374937265,66,0,1.0
6,Min Sum,Full-Contraction,1.0,1041.706249742353,59,0,1.0
6,Min Sum,Full-Contraction,1.0,1121.1457205370393,57,0,1.0
6,Min Sum,Full-Contraction,1.0,1308.0244417397773,66,0,1.0
6,Min Sum,Full-Contraction,1.0,963.2235126241758,58,0,1.0
6,Min Sum,Full-Contraction,1.0,1308.0244417397773,66,0,1.0
6,Min Sum,Full-Contraction,1.0,1098.9066079498755,64,0,1.0
6,Min Sum,Full-Contraction,1.0,1324.0452922667992,73,0,1.0
6,Min Sum,Full-Contraction,1.0,1028.156155973827,58,0,1.0
6,Min Sum,Full-Contraction,1.0,1052.8747245206587,59,0,1.0
6,Min Sum,Full-Contraction,1.0,1076.5324293334993,55,0,1.0
6,Min Sum,Full-Contraction,1.0,963.2235126241758,57,0,1.0
6,Min Sum,Full-Contraction,1.0,1186.9730374937265,66,0,1.0
6,Min Sum,Full-Contraction,1.0,1203.3310773816106,67,0,1.0
6,Min Sum,Full-Contraction,1.0,1002.2197585581939,52,0,1.0
6,Min Sum,Full-Contraction,1.0,1002.2197585581939,52,0,1.0
6,Min Sum,Full-Contraction,1.0,1201.9030806667183,61,0,1.0
6,Min Sum,Full-Contraction,1.0,1162.757653988404,59,0,1.0
6,Min Sum,Full-Contraction,1.0,1028.1561559738268,53,0,1.0
6,Min Sum,Full-Contraction,1.0,1308.0244417397773,66,0,1.0
6,Min Sum,Full-Contraction,1.0,1162.757653988404,59,0,1.0
6,Min Sum,Full-Contraction,1.0,1162.757653988404,59,0,1.0
6,Min Sum,Full-Contraction,1.0,963.2235126241758,57,0,1.0
6,Min Sum,Full-Contraction,1.0,1201.9030806667183,61,0,1.0
6,Min Sum,Full-Contraction,1.0,963.2235126241758,57,0,1.0
6,Min Sum,Full-Contraction,1.0,1002.2197585581939,52,0,1.0
6,Min Sum,Full-Contraction,1.0,1201.9030806667183,61,0,1.0
6,Min Sum,Full-Contraction,1.0,1308.0244417397773,66,0,1.0
6,Min Sum,Full-Contraction,1.0,1028.1561559738268,53,0,1.0
6,Min Sum,Full-Contraction,1.0,1201.9030806667183,61,0,1.0
6,Min Sum,Full-Contraction,1.0,1256.8288158627392,64,0,1.0
6,Min Sum,Full-Contraction,1.0,1052.8747245206587,54,0,1.0
6,Min Sum,Full-Contraction,1.0,1162.757653988404,59,0,1.0
6,Min Sum,Full-Contraction,1.0,1098.9066079498755,64,0,1.0
6,Min Sum,Full-Contraction,1.0,1256.8288158627392,64,0,1.0
6,Min Sum,Full-Contraction,1.0,1162.757653988404,61,0,1.0
6,Min Sum,Full-Contraction,1.0,1133.405644108213,65,0,1.0
6,Min Sum,Full-Contraction,1.0,974.8655593974934,64,0,1.0
6,Min Sum,Full-Contraction,1.0,945.8320147499749,55,0,1.0
6,Min Sum,Full-Contraction,1.0,881.168354312143,55,0,1.0
6,Min Sum,Full-Contraction,1.0,974.8655593974934,58,0,1.0
6,Min Sum,Full-Contraction,1.0,1028.156155973827,58,0,1.0
6,Min Sum,Full-Contraction,1.0,1308.0244417397773,66,0,1.0
6,Min Sum,Full-Contraction,1.0,1028.156155973827,58,0,1.0
6,Min Sum,Full-Contraction,1.0,1121.1457205370393,57,0,1.0
6,Min Sum,Full-Contraction,1.0,881.1683543121429,55,0,1.0
6,Min Sum,Full-Contraction,1.0,1121.1457205370393,58,0,1.0
6,Min Sum,Full-Contraction,1.0,1028.1561559738268,53,0,1.0
6,Min Sum,Full-Contraction,1.0,1201.9030806667183,61,0,1.0
6,Min Sum,Full-Contraction,1.0,1028.156155973827,59,0,1.0
6,Min Sum,Full-Contraction,1.0,1028.1561559738268,55,0,1.0
6,Min Sum,Full-Contraction,1.0,881.1683543121429,58,0,1.0
6,Min Sum,Full-Contraction,1.0,1121.1457205370393,57,0,1.0
6,Min Sum,Full-Contraction,1.0,1052.8747245206587,54,0,1.0
6,Min Sum,Full-Contraction,1.0,1028.156155973827,57,0,1.0
6,Min Sum,Full-Contraction,1.0,1201.9030806667183,61,0,1.0
6,Min Sum,Full-Contraction,1.0,1121.1457205370393,57,0,1.0
6,Min Sum,Full-Contraction,1.0,1280.8446935701263,68,0,1.0
6,Min Sum,Full-Contraction,1.0,1062.1080221396217,54,0,1.0
6,Min Sum,Full-Contraction,1.0,1266.6666666666665,67,0,1.0
6,Min Sum,Full-Contraction,1.0,1353.0288622566743,68,0,1.0
6,Min Sum,Full-Contraction,1.0,1442.8877984728824,76,0,1.0
6,Min Sum,Full-Contraction,1.0,1348.769747448521,71,0,1.0
6,Min Sum,Full-Contraction,1.0,1348.769747448521,71,0,1.0
6,Min Sum,Full-Contraction,1.0,1208.2904739393675,63,0,1.0
6,Min Sum,Full-Contraction,1.0,1168.6642724094445,63,0,1.0
6,Min Sum,Full-Contraction,1.0,1020.1537991727405,52,0,1.0
6,Min Sum,Full-Contraction,1.0,1280.8446935701263,68,0,1.0
6,Min Sum,Full-Contraction,1.0,1062.1080221396217,54,0,1.0
6,Min Sum,Full-Contraction,1.0,1280.8446935701263,68,0,1.0
6,Min Sum,Full-Contraction,1.0,1062.1080221396217,54,0,1.0
6,Min Sum,Full-Contraction,1.0,1442.8877984728824,76,0,1.0
6,Min Sum,Full-Contraction,1.0,1168.6642724094445,63,0,1.0
6,Min Sum,Full-Contraction,1.0,902.9335830211686,50,0,1.0
6,Min Sum,Full-Contraction,1.0,1348.769747448521,71,0,1.0
6,Min Sum,Full-Contraction,1.0,1287.854737551757,68,0,1.0
6,Min Sum,Full-Contraction,1.0,1280.8446935701263,68,0,1.0
6,Min Sum,Full-Contraction,1.0,1093.4502833994252,59,0,1.0
6,Min Sum,Full-Contraction,1.0,1168.6642724094445,63,0,1.0
6,Min Sum,Full-Contraction,1.0,1091.892844752348,55,0,1.0
6,Min Sum,Full-Contraction,1.0,1093.4502833994252,59,0,1.0
6,Min Sum,Full-Contraction,1.0,886.2576720817467,46,0,1.0
6,Min Sum,Full-Contraction,1.0,1009.2098445623758,51,0,1.0
6,Min Sum,Full-Contraction,1.0,1240.8484410959925,63,0,1.0
6,Min Sum,Full-Contraction,1.0,1062.1080221396217,54,0,1.0
6,Min Sum,Full-Contraction,1.0,1168.6642724094445,63,0,1.0
6,Min Sum,Full-Contraction,1.0,937.0256758758278,51,0,1.0
6,Min Sum,Full-Contraction,1.0,1280.8446935701263,68,0,1.0
6,Min Sum,Full-Contraction,1.0,1093.4502833994252,59,0,1.0
6,Min Sum,Full-Contraction,1.0,1280.8446935701263,68,0,1.0
6,Min Sum,Full-Contraction,1.0,1091.892844752348,55,0,1.0
6,Min Sum,Full-Contraction,1.0,1168.6642724094445,63,0,1.0
6,Min Sum,Full-Contraction,1.0,1062.1080221396217,54,0,1.0
6,Min Sum,Full-Contraction,1.0,1208.2904739393675,63,0,1.0
6,Min Sum,Full-Contraction,1.0,1009.2098445623758,51,0,1.0
6,Min Sum,Full-Contraction,1.0,1348.769747448521,71,0,1.0
6,Min Sum,Full-Contraction,1.0,1208.2904739393675,61,0,1.0
6,Min Sum,Full-Contraction,1.0,1020.1537991727405,52,0,1.0
6,Min Sum,Full-Contraction,1.0,1442.8877984728824,76,0,1.0
6,Min Sum,Full-Contraction,1.0,1442.8877984728824,76,0,1.0
6,Min Sum,Full-Contraction,1.0,1168.6642724094445,63,0,1.0
6,Min Sum,Full-Contraction,1.0,1490.7722084265283,75,0,1.0
6,Min Sum,Full-Contraction,1.0,1442.8877984728824,76,0,1.0
6,Min Sum,Full-Contraction,1.0,1287.854737551757,68,0,1.0
6,Min Sum,Full-Contraction,1.0,1287.854737551757,68,0,1.0
6,Min Sum,Full-Contraction,1.0,1208.2904739393675,63,0,1.0
6,Min Sum,Full-Contraction,1.0,1168.6642724094445,63,0,1.0
6,Min Sum,Full-Contraction,1.0,1062.1080221396217,54,0,1.0
6,Min Sum,Full-Contraction,1.0,1348.769747448521,71,0,1.0
6,Min Sum,Full-Contraction,1.0,1353.0288622566743,68,0,1.0
6,Min Sum,Full-Contraction,1.0,1266.6666666666665,67,0,1.0
6,Min Sum,Full-Contraction,1.0,1353.0288622566743,71,0,1.0
6,Min Sum,Full-Contraction,1.0,1208.2904739393675,63,0,1.0
6,Min Sum,Full-Contraction,1.0,1009.2098445623758,51,0,1.0
6,Min Sum,Full-Contraction,1.0,811.0350040397627,42,0,1.0
6,Min Sum,Full-Contraction,1.0,1287.854737551757,68,0,1.0
6,Min Sum,Full-Contraction,1.0,1093.4502833994252,59,0,1.0
6,Min Sum,Full-Contraction,1.0,1280.8446935701263,68,0,1.0
6,Min Sum,Full-Contraction,1.0,1168.6642724094445,63,0,1.0
6,Min Sum,Full-Contraction,1.0,1280.8446935701263,68,0,1.0
6,Min Sum,Full-Contraction,1.0,1009.2098445623758,51,0,1.0
6,Min Sum,Full-Contraction,1.0,1280.8446935701263,68,0,1.0
6,Min Sum,Full-Contraction,1.0,878.6471880689548,54,0,1.0
6,Min Sum,Full-Contraction,1.0,1141.4226636149208,59,0,1.0
6,Min Sum,Full-Contraction,1.0,1121.0342993034772,56,0,1.0
6,Min Sum,Full-Contraction,1.0,1110.594035442545,56,0,1.0
6,Min Sum,Full-Contraction,1.0,1078.1859146865431,59,0,1.0
6,Min Sum,Full-Contraction,1.0,982.4068351414743,61,0,1.0
6,Min Sum,Full-Contraction,1.0,1401.6223437000149,70,0,1.0
6,Min Sum,Full-Contraction,1.0,982.4068351414743,61,0,1.0
6,Min Sum,Full-Contraction,1.0,1105.7501552201597,67,0,1.0
6,Min Sum,Full-Contraction,1.0,982.4068351414743,61,0,1.0
6,Min Sum,Full-Contraction,1.0,1226.3342039173526,61,0,1.0
6,Min Sum,Full-Contraction,1.0,1141.4226636149208,59,0,1.0
6,Min Sum,Full-Contraction,1.0,1217.3808124816956,61,0,1.0
6,Min Sum,Full-Contraction,1.0,1141.4226636149208,59,0,1.0
6,Min Sum,Full-Contraction,1.0,1078.1859146865431,59,0,1.0
6,Min Sum,Full-Contraction,1.0,1260.194786716624,75,0,1.0
6,Min Sum,Full-Contraction,1.0,1018.5906821153872,56,0,1.0
6,Min Sum,Full-Contraction,1.0,1226.3342039173526,61,0,1.0
6,Min Sum,Full-Contraction,1.0,1078.1859146865431,54,0,1.0
6,Min Sum,Full-Contraction,1.0,940.3421684242052,52,0,1.0
6,Min Sum,Full-Contraction,1.0,1105.7501552201597,67,0,1.0
6,Min Sum,Full-Contraction,1.0,1401.6223437000149,70,0,1.0
6,Min Sum,Full-Contraction,1.0,910.594035442545,48,0,1.0
6,Min Sum,Full-Contraction,1.0,910.594035442545,48,0,1.0
6,Min Sum,Full-Contraction,1.0,1141.4226636149208,57,0,1.0
6,Min Sum,Full-Contraction,1.0,1018.5906821153872,61,0,1.0
6,Min Sum,Full-Contraction,1.0,1110.594035442545,56,0,1.0
6,Min Sum,Full-Contraction,1.0,1120.832906529022,59,0,1.0
6,Min Sum,Full-Contraction,1.0,1110.594035442545,61,0,1.0
6,Min Sum,Full-Contraction,1.0,960.2928227413793,57,0,1.0
6,Min Sum,Full-Contraction,1.0,954.5214042184234,56,0,1.0
6,Min Sum,Full-Contraction,1.0,1040.3835259470359,55,0,1.0
6,Min Sum,Full-Contraction,1.0,878.6471880689548,52,0,1.0
6,Min Sum,Full-Contraction,1.0,910.594035442545,48,0,1.0
6,Min Sum,Full-Contraction,1.0,1226.3342039173526,61,0,1.0
6,Min Sum,Full-Contraction,1.0,1120.832906529022,61,0,1.0
6,Min Sum,Full-Contraction,1.0,954.5214042184234,48,0,1.0
6,Min Sum,Full-Contraction,1.0,1226.3342039173526,61,0,1.0
6,Min Sum,Full-Contraction,1.0,1349.6775239960384,67,0,1.0
6,Min Sum,Full-Contraction,1.0,954.5214042184234,48,0,1.0
6,Min Sum,Full-Contraction,1.0,982.4068351414743,61,0,1.0
6,Min Sum,Full-Contraction,1.0,1078.1859146865431,59,0,1.0
6,Min Sum,Full-Contraction,1.0,1078.1859146865431,59,0,1.0
6,Min Sum,Full-Contraction,1.0,982.4068351414743,61,0,1.0
6,Min Sum,Full-Contraction,1.0,954.5214042184234,59,0,1.0
6,Min Sum,Full-Contraction,1.0,1078.1859146865431,59,0,1.0
6,Min Sum,Full-Contraction,1.0,861.2668684408868,54,0,1.0
6,Min Sum,Full-Contraction,1.0,861.2668684408868,54,0,1.0
6,Min Sum,Full-Contraction,1.0,910.5940354425451,56,0,1.0
6,Min Sum,Full-Contraction,1.0,803.6839635872722,54,0,1.0
6,Min Sum,Full-Contraction,1.0,1120.832906529022,59,0,1.0
6,Min Sum,Full-Contraction,1.0,1141.4226636149208,57,0,1.0
6,Min Sum,Full-Contraction,1.0,960.2928227413793,54,0,1.0
6,Min Sum,Full-Contraction,1.0,1121.0342993034772,56,0,1.0
6,Min Sum,Full-Contraction,1.0,1078.1859146865431,55,0,1.0
6,Min Sum,Full-Contraction,1.0,1066.9875692076828,54,0,1.0
6,Min Sum,Full-Contraction,1.0,1226.3342039173526,61,0,1.0
6,Min Sum,Full-Contraction,1.0,1018.5906821153872,61,0,1.0
6,Min Sum,Full-Contraction,1.0,1110.594035442545,56,0,1.0
6,Min Sum,Full-Contraction,1.0,878.6471880689548,54,0,1.0
6,Min Sum,Full-Contraction,1.0,954.5214042184234,52,0,1.0
6,Min Sum,Full-Contraction,1.0,1141.4226636149208,57,0,1.0
6,Min Sum,Full-Contraction,1.0,802.9690090668789,54,0,1.0
6,Min Sum,Full-Contraction,1.0,910.594035442545,55,0,1.0
6,Min Sum,Full-Contraction,1.0,1226.3342039173526,61,0,1.0
6,Min Sum,Full-Contraction,1.0,1032.0379346789864,52,0,1.0
6,Min Sum,Full-Contraction,1.0,1491.0544571589153,74,0,1.0
6,Min Sum,Full-Contraction,1.0,1151.6215718934232,59,0,1.0
6,Min Sum,Full-Contraction,1.0,1060.3727932586507,55,0,1.0
6,Min Sum,Full-Contraction,1.0,862.0953811462043,52,0,1.0
6,Min Sum,Full-Contraction,1.0,1328.479387065396,68,0,1.0
6,Min Sum,Full-Contraction,1.0,1462.2478899521602,74,0,1.0
6,Min Sum,Full-Contraction,1.0,1328.479387065396,68,0,1.0
6,Min Sum,Full-Contraction,1.0,1494.611123334138,76,0,1.0
6,Min Sum,Full-Contraction,1.0,1228.0354691266239,68,0,1.0
6,Min Sum,Full-Contraction,1.0,890.6375701670086,52,0,1.0
6,Min Sum,Full-Contraction,1.0,1491.0544571589153,74,0,1.0
6,Min Sum,Full-Contraction,1.0,776.7493949623272,48,0,1.0
6,Min Sum,Full-Contraction,1.0,1491.0544571589153,74,0,1.0
6,Min Sum,Full-Contraction,1.0,1043.9273687758784,53,0,1.0
6,Min Sum,Full-Contraction,1.0,1609.3924527203235,81,0,1.0
6,Min Sum,Full-Contraction,1.0,1350.9198929478493,69,0,1.0
6,Min Sum,Full-Contraction,1.0,1328.479387065396,68,0,1.0
6,Min Sum,Full-Contraction,1.0,1151.6215718934232,59,0,1.0
6,Min Sum,Full-Contraction,1.0,954.5214042184236,48,0,1.0
6,Min Sum,Full-Contraction,1.0,1494.611123334138,76,0,1.0
6,Min Sum,Full-Contraction,1.0,1462.2478899521602,74,0,1.0
6,Min Sum,Full-Contraction,1.0,1032.0379346789864,54,0,1.0
6,Min Sum,Full-Contraction,1.0,1049.3793474797885,54,0,1.0
6,Min Sum,Full-Contraction,1.0,1415.93589146446,71,0,1.0
6,Min Sum,Full-Contraction,1.0,1350.9198929478493,69,0,1.0
6,Min Sum,Full-Contraction,1.0,959.9288753198789,55,0,1.0
6,Min Sum,Full-Contraction,1.0,1491.0544571589153,74,0,1.0
6,Min Sum,Full-Contraction,1.0,1328.479387065396,68,0,1.0
6,Min Sum,Full-Contraction,1.0,1318.555999717476,66,0,1.0
6,Min Sum,Full-Contraction,1.0,959.9288753198789,55,0,1.0
6,Min Sum,Full-Contraction,1.0,1415.93589146446,71,0,1.0
6,Min Sum,Full-Contraction,1.0,762.0608269531297,48,0,1.0
6,Min Sum,Full-Contraction,1.0,1049.3793474797885,54,0,1.0
6,Min Sum,Full-Contraction,1.0,1415.93589146446,71,0,1.0
6,Min Sum,Full-Contraction,1.0,1491.0544571589153,74,0,1.0
6,Min Sum,Full-Contraction,1.0,954.5214042184236,48,0,1.0
6,Min Sum,Full-Contraction,1.0,1387.1293242577053,71,0,1.0
6,Min Sum,Full-Contraction,1.0,1151.6215718934232,59,0,1.0
6,Min Sum,Full-Contraction,1.0,1161.203519731985,58,0,1.0
6,Min Sum,Full-Contraction,1.0,1228.0354691266239,68,0,1.0
6,Min Sum,Full-Contraction,1.0,1161.203519731985,58,0,1.0
6,Min Sum,Full-Contraction,1.0,1161.203519731985,58,0,1.0
6,Min Sum,Full-Contraction,1.0,1408.1994714949883,72,0,1.0
6,Min Sum,Full-Contraction,1.0,1151.3856493144347,58,0,1.0
6,Min Sum,Full-Contraction,1.0,1043.9273687758784,53,0,1.0
6,Min Sum,Full-Contraction,1.0,1151.6215718934232,59,0,1.0
6,Min Sum,Full-Contraction,1.0,1151.6215718934232,59,0,1.0
6,Min Sum,Full-Contraction,1.0,1358.2770724995357,69,0,1.0
6,Min Sum,Full-Contraction,1.0,1350.9198929478493,69,0,1.0
6,Min Sum,Full-Contraction,1.0,1491.0544571589153,74,0,1.0
6,Min Sum,Full-Contraction,1.0,1223.767691543324,63,0,1.0
6,Min Sum,Full-Contraction,1.0,954.5214042184236,48,0,1.0
6,Min Sum,Full-Contraction,1.0,1151.6215718934232,59,0,1.0
6,Min Sum,Full-Contraction,1.0,954.5214042184236,48,0,1.0
6,Min Sum,Full-Contraction,1.0,954.5214042184236,48,0,1.0
6,Min Sum,Full-Contraction,1.0,1387.1293242577053,71,0,1.0
6,Min Sum,Full-Contraction,1.0,1350.9198929478493,69,0,1.0
6,Min Sum,Full-Contraction,1.0,1060.3727932586507,55,0,1.0
6,Min Sum,Full-Contraction,1.0,1350.9198929478493,69,0,1.0
6,Min Sum,Full-Contraction,1.0,1032.0379346789864,52,0,1.0
6,Min Sum,Full-Contraction,1.0,1179.5112082178339,61,0,1.0
6,Min Sum,Full-Contraction,1.0,1223.767691543324,63,0,1.0
6,Min Sum,Full-Contraction,1.0,1415.93589146446,71,0,1.0
6,Min Sum,Full-Contraction,1.0,954.5214042184236,52,0,1.0
6,Min Sum,Full-Contraction,1.0,780.9053802235267,51,0,1.0
6,Min Sum,Full-Contraction,1.0,1267.9947378194422,65,0,1.0
6,Min Sum,Full-Contraction,1.0,1000.8019568131265,51,0,1.0
6,Min Sum,Full-Contraction,1.0,918.6102214206358,53,0,1.0
6,Min Sum,Full-Contraction,1.0,974.8655593974935,57,0,1.0
6,Min Sum,Full-Contraction,1.0,1098.9066079498757,62,0,1.0
6,Min Sum,Full-Contraction,1.0,1258.4896858826323,69,0,1.0
6,Min Sum,Full-Contraction,1.0,1098.9066079498757,62,0,1.0
6,Min Sum,Full-Contraction,1.0,1243.8047437733198,69,0,1.0
6,Min Sum,Full-Contraction,1.0,1098.9066079498757,62,0,1.0
6,Min Sum,Full-Contraction,1.0,1114.935148840775,56,0,1.0
6,Min Sum,Full-Contraction,1.0,1267.9947378194422,65,0,1.0
6,Min Sum,Full-Contraction,1.0,1093.791521376339,55,0,1.0
6,Min Sum,Full-Contraction,1.0,1267.9947378194422,65,0,1.0
6,Min Sum,Full-Contraction,1.0,974.8655593974935,57,0,1.0
6,Min Sum,Full-Contraction,1.0,1381.3484381927294,75,0,1.0
6,Min Sum,Full-Contraction,1.0,996.4869807124394,59,0,1.0
6,Min Sum,Full-Contraction,1.0,1098.9066079498757,62,0,1.0
6,Min Sum,Full-Contraction,1.0,974.8655593974935,50,0,1.0
6,Min Sum,Full-Contraction,1.0,853.8141551514427,51,0,1.0
6,Min Sum,Full-Contraction,1.0,1243.8047437733198,69,0,1.0
6,Min Sum,Full-Contraction,1.0,1258.4896858826323,69,0,1.0
6,Min Sum,Full-Contraction,1.0,889.4442709417555,48,0,1.0
6,Min Sum,Full-Contraction,1.0,889.4442709417555,48,0,1.0
6,Min Sum,Full-Contraction,1.0,1081.0524587388552,61,0,1.0
6,Min Sum,Full-Contraction,1.0,1106.3699101801847,62,0,1.0
6,Min Sum,Full-Contraction,1.0,918.6102214206358,53,0,1.0
6,Min Sum,Full-Contraction,1.0,1267.9947378194422,65,0,1.0
6,Min Sum,Full-Contraction,1.0,1098.9066079498757,62,0,1.0
6,Min Sum,Full-Contraction,1.0,1106.3699101801847,57,0,1.0
6,Min Sum,Full-Contraction,1.0,1049.178230172799,53,0,1.0
6,Min Sum,Full-Contraction,1.0,1081.0524587388552,61,0,1.0
6,Min Sum,Full-Contraction,1.0,853.8141551514427,51,0,1.0
6,Min Sum,Full-Contraction,1.0,816.94335148463,48,0,1.0
6,Min Sum,Full-Contraction,1.0,1114.935148840775,61,0,1.0
6,Min Sum,Full-Contraction,1.0,1267.9947378194422,65,0,1.0
6,Min Sum,Full-Contraction,1.0,889.4442709417555,47,0,1.0
6,Min Sum,Full-Contraction,1.0,1106.3699101801847,62,0,1.0
6,Min Sum,Full-Contraction,1.0,1229.474616702039,62,0,1.0
6,Min Sum,Full-Contraction,1.0,971.7684121656075,51,0,1.0
6,Min Sum,Full-Contraction,1.0,1098.9066079498757,62,0,1.0
6,Min Sum,Full-Contraction,1.0,974.8655593974935,57,0,1.0
6,Min Sum,Full-Contraction,1.0,974.8655593974935,57,0,1.0
6,Min Sum,Full-Contraction,1.0,1133.4056441082134,63,0,1.0
6,Min Sum,Full-Contraction,1.0,954.6523049164182,59,0,1.0
6,Min Sum,Full-Contraction,1.0,974.8655593974935,57,0,1.0
6,Min Sum,Full-Contraction,1.0,974.8655593974935,50,0,1.0
6,Min Sum,Full-Contraction,1.0,974.8655593974935,50,0,1.0
6,Min Sum,Full-Contraction,1.0,1062.7554428636636,60,0,1.0
6,Min Sum,Full-Contraction,1.0,1043.9808727538548,59,0,1.0
6,Min Sum,Full-Contraction,1.0,1267.9947378194422,65,0,1.0
6,Min Sum,Full-Contraction,1.0,963.2235126241759,56,0,1.0
6,Min Sum,Full-Contraction,1.0,971.7684121656075,51,0,1.0
6,Min Sum,Full-Contraction,1.0,1000.8019568131265,51,0,1.0
6,Min Sum,Full-Contraction,1.0,971.7684121656075,52,0,1.0
6,Min Sum,Full-Contraction,1.0,889.4442709417555,48,0,1.0
6,Min Sum,Full-Contraction,1.0,1182.5869228434995,62,0,1.0
6,Min Sum,Full-Contraction,1.0,1098.9066079498757,62,0,1.0
6,Min Sum,Full-Contraction,1.0,974.8655593974935,53,0,1.0
6,Min Sum,Full-Contraction,1.0,1043.9808727538548,59,0,1.0
6,Min Sum,Full-Contraction,1.0,889.4442709417555,51,0,1.0
6,Min Sum,Full-Contraction,1.0,1049.178230172799,56,0,1.0
6,Min Sum,Full-Contraction,1.0,963.2235126241759,55,0,1.0
6,Min Sum,Full-Contraction,1.0,1106.3699101801847,61,0,1.0
6,Min Sum,Full-Contraction,1.0,1114.935148840775,56,0,1.0
6,Min Sum,Full-Contraction,1.0,970.6813185707359,52,0,1.0
6,Min Sum,Full-Contraction,1.0,1354.5676466457212,68,0,1.0
6,Min Sum,Full-Contraction,1.0,912.215608447558,52,0,1.0
6,Min Sum,Full-Contraction,1.0,1022.824509171938,53,0,1.0
6,Min Sum,Full-Contraction,1.0,934.8400374819552,58,0,1.0
6,Min Sum,Full-Contraction,1.0,1113.2582204079508,63,0,1.0
6,Min Sum,Full-Contraction,1.0,1265.775687724663,70,0,1.0
6,Min Sum,Full-Contraction,1.0,1113.2582204079508,63,0,1.0
6,Min Sum,Full-Contraction,1.0,1265.7756877246632,70,0,1.0
6,Min Sum,Full-Contraction,1.0,1113.2582204079508,63,0,1.0
6,Min Sum,Full-Contraction,1.0,1023.1597431621337,55,0,1.0
6,Min Sum,Full-Contraction,1.0,1354.5676466457212,68,0,1.0
6,Min Sum,Full-Contraction,1.0,1000.363300298365,54,0,1.0
6,Min Sum,Full-Contraction,1.0,1354.5676466457212,68,0,1.0
6,Min Sum,Full-Contraction,1.0,934.8400374819552,58,0,1.0
6,Min Sum,Full-Contraction,1.0,1396.1009328825699,76,0,1.0
6,Min Sum,Full-Contraction,1.0,1081.625453285312,62,0,1.0
6,Min Sum,Full-Contraction,1.0,1113.2582204079508,63,0,1.0
6,Min Sum,Full-Contraction,1.0,898.2794699532216,52,0,1.0
6,Min Sum,Full-Contraction,1.0,812.3575582610808,52,0,1.0
6,Min Sum,Full-Contraction,1.0,1265.7756877246632,70,0,1.0
6,Min Sum,Full-Contraction,1.0,1265.775687724663,70,0,1.0
6,Min Sum,Full-Contraction,1.0,830.4155079333318,50,0,1.0
6,Min Sum,Full-Contraction,1.0,970.6813185707359,50,0,1.0
6,Min Sum,Full-Contraction,1.0,1265.6539866666765,64,0,1.0
6,Min Sum,Full-Contraction,1.0,1194.0170468010112,63,0,1.0
6,Min Sum,Full-Contraction,1.0,956.7451800763997,53,0,1.0
6,Min Sum,Full-Contraction,1.0,1354.5676466457212,68,0,1.0
6,Min Sum,Full-Contraction,1.0,1113.2582204079508,63,0,1.0
6,Min Sum,Full-Contraction,1.0,1194.0170468010112,61,0,1.0
6,Min Sum,Full-Contraction,1.0,908.7584038913216,53,0,1.0
6,Min Sum,Full-Contraction,1.0,1265.6539866666765,64,0,1.0
6,Min Sum,Full-Contraction,1.0,812.3575582610808,52,0,1.0
6,Min Sum,Full-Contraction,1.0,830.4155079333318,50,0,1.0
6,Min Sum,Full-Contraction,1.0,1265.6539866666765,64,0,1.0
6,Min Sum,Full-Contraction,1.0,1354.5676466457212,68,0,1.0
6,Min Sum,Full-Contraction,1.0,956.7451800763997,49,0,1.0
6,Min Sum,Full-Contraction,1.0,1265.6539866666765,64,0,1.0
6,Min Sum,Full-Contraction,1.0,1135.5513366778332,61,0,1.0
6,Min Sum,Full-Contraction,1.0,1058.8290104215432,54,0,1.0
6,Min Sum,Full-Contraction,1.0,1113.2582204079508,63,0,1.0
6,Min Sum,Full-Contraction,1.0,1145.3069883928124,58,0,1.0
6,Min Sum,Full-Contraction,1.0,934.8400374819552,58,0,1.0
6,Min Sum,Full-Contraction,1.0,1164.5473853819385,65,0,1.0
6,Min Sum,Full-Contraction,1.0,992.8956826591113,61,0,1.0
6,Min Sum,Full-Contraction,1.0,934.8400374819552,58,0,1.0
6,Min Sum,Full-Contraction,1.0,912.215608447558,52,0,1.0
6,Min Sum,Full-Contraction,1.0,898.2794699532216,52,0,1.0
6,Min Sum,Full-Contraction,1.0,1104.36697964223,62,0,1.0
6,Min Sum,Full-Contraction,1.0,885.4285996458035,62,0,1.0
6,Min Sum,Full-Contraction,1.0,1354.5676466457212,68,0,1.0
6,Min Sum,Full-Contraction,1.0,987.9430626127405,57,0,1.0
6,Min Sum,Full-Contraction,1.0,1022.824509171938,52,0,1.0
6,Min Sum,Full-Contraction,1.0,760.2143676598787,52,0,1.0
6,Min Sum,Full-Contraction,1.0,1022.824509171938,52,0,1.0
6,Min Sum,Full-Contraction,1.0,956.7451800763997,49,0,1.0
6,Min Sum,Full-Contraction,1.0,1265.6539866666765,64,0,1.0
6,Min Sum,Full-Contraction,1.0,1113.2582204079508,63,0,1.0
6,Min Sum,Full-Contraction,1.0,976.6223659112112,53,0,1.0
6,Min Sum,Full-Contraction,1.0,896.4948370288703,62,0,1.0
6,Min Sum,Full-Contraction,1.0,970.6813185707359,52,0,1.0
6,Min Sum,Full-Contraction,1.0,987.9430626127404,57,0,1.0
6,Min Sum,Full-Contraction,1.0,987.9430626127405,57,0,1.0
6,Min Sum,Full-Contraction,1.0,1265.6539866666765,64,0,1.0
6,Min Sum,Full-Contraction,1.0,1023.1597431621337,55,0,1.0
6,Min Sum,Full-Contraction,1.0,1008.8497300281037,56,0,1.0
6,Min Sum,Full-Contraction,1.0,1387.1206050111095,78,0,1.0
6,Min Sum,Full-Contraction,1.0,1105.3500775913835,63,0,1.0
6,Min Sum,Full-Contraction,1.0,929.2204726372017,56,0,1.0
6,Min Sum,Full-Contraction,1.0,929.2204726372017,56,0,1.0
6,Min Sum,Full-Contraction,1.0,1215.8637237728267,70,0,1.0
6,Min Sum,Full-Contraction,1.0,1342.0890151095734,76,0,1.0
6,Min Sum,Full-Contraction,1.0,1215.8637237728267,70,0,1.0
6,Min Sum,Full-Contraction,1.0,1387.1206050111095,78,0,1.0
6,Min Sum,Full-Contraction,1.0,1235.4819383294289,70,0,1.0
6,Min Sum,Full-Contraction,1.0,1008.8497300281037,52,0,1.0
6,Min Sum,Full-Contraction,1.0,1387.1206050111095,78,0,1.0
6,Min Sum,Full-Contraction,1.0,1008.8497300281037,52,0,1.0
6,Min Sum,Full-Contraction,1.0,1387.1206050111095,78,0,1.0
6,Min Sum,Full-Contraction,1.0,940.2139184160642,57,0,1.0
6,Min Sum,Full-Contraction,1.0,1494.9619267265366,84,0,1.0
6,Min Sum,Full-Contraction,1.0,1296.7491532810327,73,0,1.0
6,Min Sum,Full-Contraction,1.0,1235.4819383294289,70,0,1.0
6,Min Sum,Full-Contraction,1.0,1105.3500775913835,63,0,1.0
6,Min Sum,Full-Contraction,1.0,1008.8497300281037,52,0,1.0
6,Min Sum,Full-Contraction,1.0,1387.1206050111095,78,0,1.0
6,Min Sum,Full-Contraction,1.0,1342.0890151095734,76,0,1.0
6,Min Sum,Full-Contraction,1.0,1105.3500775913835,57,0,1.0
6,Min Sum,Full-Contraction,1.0,952.878999916509,57,0,1.0
6,Min Sum,Full-Contraction,1.0,1308.6580047167197,75,0,1.0
6,Min Sum,Full-Contraction,1.0,1391.9933287270085,73,0,1.0
6,Min Sum,Full-Contraction,1.0,929.2204726372017,56,0,1.0
6,Min Sum,Full-Contraction,1.0,1387.1206050111095,78,0,1.0
6,Min Sum,Full-Contraction,1.0,1215.8637237728267,70,0,1.0
6,Min Sum,Full-Contraction,1.0,1215.8637237728267,70,0,1.0
6,Min Sum,Full-Contraction,1.0,1008.8497300281037,56,0,1.0
6,Min Sum,Full-Contraction,1.0,1308.6580047167197,75,0,1.0
6,Min Sum,Full-Contraction,1.0,1008.8497300281037,52,0,1.0
6,Min Sum,Full-Contraction,1.0,1105.3500775913835,57,0,1.0
6,Min Sum,Full-Contraction,1.0,1308.6580047167197,75,0,1.0
6,Min Sum,Full-Contraction,1.0,1391.9933287270085,78,0,1.0
6,Min Sum,Full-Contraction,1.0,845.7677499352044,52,0,1.0
6,Min Sum,Full-Contraction,1.0,1391.9933287270085,75,0,1.0
6,Min Sum,Full-Contraction,1.0,1068.4153704323542,63,0,1.0
6,Min Sum,Full-Contraction,1.0,1059.352333375247,63,0,1.0
6,Min Sum,Full-Contraction,1.0,1235.4819383294289,70,0,1.0
6,Min Sum,Full-Contraction,1.0,1059.352333375247,63,0,1.0
6,Min Sum,Full-Contraction,1.0,1059.352333375247,63,0,1.0
6,Min Sum,Full-Contraction,1.0,1391.9933287270085,75,0,1.0
6,Min Sum,Full-Contraction,1.0,1207.5923020050182,61,0,1.0
6,Min Sum,Full-Contraction,1.0,940.2139184160642,57,0,1.0
6,Min Sum,Full-Contraction,1.0,1068.4153704323542,63,0,1.0
6,Min Sum,Full-Contraction,1.0,1068.4153704323542,63,0,1.0
6,Min Sum,Full-Contraction,1.0,1266.9704494151183,73,0,1.0
6,Min Sum,Full-Contraction,1.0,1266.9704494151183,73,0,1.0
6,Min Sum,Full-Contraction,1.0,1387.1206050111095,78,0,1.0
6,Min Sum,Full-Contraction,1.0,1235.4819383294289,66,0,1.0
6,Min Sum,Full-Contraction,1.0,1008.8497300281037,52,0,1.0
6,Min Sum,Full-Contraction,1.0,1068.4153704323542,63,0,1.0
6,Min Sum,Full-Contraction,1.0,905.811350973795,52,0,1.0
6,Min Sum,Full-Contraction,1.0,1021.8973548893861,52,0,1.0
6,Min Sum,Full-Contraction,1.0,1391.9933287270085,75,0,1.0
6,Min Sum,Full-Contraction,1.0,1391.9933287270085,73,0,1.0
6,Min Sum,Full-Contraction,1.0,929.2204726372017,56,0,1.0
6,Min Sum,Full-Contraction,1.0,1266.9704494151183,73,0,1.0
6,Min Sum,Full-Contraction,1.0,1008.8497300281037,56,0,1.0
6,Min Sum,Full-Contraction,1.0,1105.3500775913835,63,0,1.0
6,Min Sum,Full-Contraction,1.0,1120.6195483268511,66,0,1.0
6,Min Sum,Full-Contraction,1.0,1391.9933287270085,75,0,1.0
6,Min Sum,Full-Contraction,1.0,1008.8497300281037,52,0,1.0
6,Min Sum,Full-Contraction,1.0,1176.4602927211006,72,0,1.0
6,Min Sum,Full-Contraction,1.0,1007.3592581964585,58,0,1.0
6,Min Sum,Full-Contraction,1.0,1329.8025825256702,74,0,1.0
6,Min Sum,Full-Contraction,1.0,1443.3277161887927,74,0,1.0
6,Min Sum,Full-Contraction,1.0,1271.4792619456694,80,0,1.0
6,Min Sum,Full-Contraction,1.0,1372.9473667624425,76,0,1.0
6,Min Sum,Full-Contraction,1.0,1264.9110640673518,76,0,1.0
6,Min Sum,Full-Contraction,1.0,1290.2019706710776,67,0,1.0
6,Min Sum,Full-Contraction,1.0,1007.3592581964585,67,0,1.0
6,Min Sum,Full-Contraction,1.0,1019.803902718557,55,0,1.0
6,Min Sum,Full-Contraction,1.0,1176.4602927211006,72,0,1.0
6,Min Sum,Full-Contraction,1.0,1166.19037896906,58,0,1.0
6,Min Sum,Full-Contraction,1.0,1372.9473667624425,76,0,1.0
6,Min Sum,Full-Contraction,1.0,934.166020071207,58,0,1.0
6,Min Sum,Full-Contraction,1.0,1170.9843703360095,80,0,1.0
6,Min Sum,Full-Contraction,1.0,1185.8413792983192,67,0,1.0
6,Min Sum,Full-Contraction,1.0,1092.9971408438084,58,0,1.0
6,Min Sum,Full-Contraction,1.0,1264.9110640673518,76,0,1.0
6,Min Sum,Full-Contraction,1.0,1329.8025825256702,74,0,1.0
6,Min Sum,Full-Contraction,1.0,1176.4602927211006,72,0,1.0
6,Min Sum,Full-Contraction,1.0,1007.3592581964585,64,0,1.0
6,Min Sum,Full-Contraction,1.0,1131.370849898476,67,0,1.0
6,Min Sum,Full-Contraction,1.0,1166.19037896906,58,0,1.0
6,Min Sum,Full-Contraction,1.0,1166.19037896906,64,0,1.0
6,Min Sum,Full-Contraction,1.0,1007.3592581964585,55,0,1.0
6,Min Sum,Full-Contraction,1.0,1092.9971408438084,55,0,1.0
6,Min Sum,Full-Contraction,1.0,1290.2019706710776,67,0,1.0
6,Min Sum,Full-Contraction,1.0,1166.19037896906,58,0,1.0
6,Min Sum,Full-Contraction,1.0,1077.8050766032288,67,0,1.0
6,Min Sum,Full-Contraction,1.0,1092.9971408438084,55,0,1.0
6,Min Sum,Full-Contraction,1.0,1176.4602927211006,72,0,1.0
6,Min Sum,Full-Contraction,1.0,1131.370849898476,64,0,1.0
6,Min Sum,Full-Contraction,1.0,1176.4602927211006,72,0,1.0
6,Min Sum,Full-Contraction,1.0,1166.19037896906,58,0,1.0
6,Min Sum,Full-Contraction,1.0,1284.4965954161912,72,0,1.0
6,Min Sum,Full-Contraction,1.0,1166.19037896906,58,0,1.0
6,Min Sum,Full-Contraction,1.0,1290.2019706710776,67,0,1.0
6,Min Sum,Full-Contraction,1.0,1019.803902718557,55,0,1.0
6,Min Sum,Full-Contraction,1.0,1453.8270828106286,80,0,1.0
6,Min Sum,Full-Contraction,1.0,1092.9971408438084,64,0,1.0
6,Min Sum,Full-Contraction,1.0,1019.803902718557,55,0,1.0
6,Min Sum,Full-Contraction,1.0,1170.9843703360095,80,0,1.0
6,Min Sum,Full-Contraction,1.0,1170.9843703360095,80,0,1.0
6,Min Sum,Full-Contraction,1.0,1185.8413792983192,67,0,1.0
6,Min Sum,Full-Contraction,1.0,1306.1772596780045,78,0,1.0
6,Min Sum,Full-Contraction,1.0,1170.9843703360095,80,0,1.0
6,Min Sum,Full-Contraction,1.0,1329.8025825256702,74,0,1.0
6,Min Sum,Full-Contraction,1.0,1329.8025825256702,74,0,1.0
6,Min Sum,Full-Contraction,1.0,1023.3345472033855,67,0,1.0
6,Min Sum,Full-Contraction,1.0,1185.8413792983192,67,0,1.0
6,Min Sum,Full-Contraction,1.0,1166.19037896906,58,0,1.0
6,Min Sum,Full-Contraction,1.0,1372.9473667624425,76,0,1.0
6,Min Sum,Full-Contraction,1.0,1329.8025825256702,74,0,1.0
6,Min Sum,Full-Contraction,1.0,1329.8025825256702,74,0,1.0
6,Min Sum,Full-Contraction,1.0,1372.9473667624425,76,0,1.0
6,Min Sum,Full-Contraction,1.0,1290.2019706710776,67,0,1.0
6,Min Sum,Full-Contraction,1.0,1092.9971408438084,55,0,1.0
6,Min Sum,Full-Contraction,1.0,1019.803902718557,55,0,1.0
6,Min Sum,Full-Contraction,1.0,1329.8025825256702,74,0,1.0
6,Min Sum,Full-Contraction,1.0,1007.3592581964585,64,0,1.0
6,Min Sum,Full-Contraction,1.0,1176.4602927211006,72,0,1.0
6,Min Sum,Full-Contraction,1.0,1092.9971408438084,67,0,1.0
6,Min Sum,Full-Contraction,1.0,1176.4602927211006,72,0,1.0
6,Min Sum,Full-Contraction,1.0,1007.3592581964585,58,0,1.0
6,Min Sum,Full-Contraction,1.0,1271.4792619456694,72,0,1.0
6,Min Sum,Full-Contraction,1.0,1539.4649654579785,80,0,1.0
6,Min Sum,Full-Contraction,1.0,1612.65820358323,80,0,1.0
6,Min Sum,Full-Contraction,1.0,1488.6337032982717,74,0,1.0
6,Min Sum,Full-Contraction,1.0,1539.4649654579785,80,0,1.0
6,Min Sum,Full-Contraction,1.0,1650.0773764584164,85,0,1.0
6,Min Sum,Full-Contraction,1.0,1499.851445020445,78,0,1.0
6,Min Sum,Full-Contraction,1.0,1499.851445020445,78,0,1.0
6,Min Sum,Full-Contraction,1.0,1458.5852494097924,76,0,1.0
6,Min Sum,Full-Contraction,1.0,1370.134478063541,72,0,1.0
6,Min Sum,Full-Contraction,1.0,1488.6337032982717,74,0,1.0
6,Min Sum,Full-Contraction,1.0,1539.4649654579785,80,0,1.0
6,Min Sum,Full-Contraction,1.0,1612.65820358323,80,0,1.0
6,Min Sum,Full-Contraction,1.0,1539.4649654579785,80,0,1.0
6,Min Sum,Full-Contraction,1.0,1612.65820358323,80,0,1.0
6,Min Sum,Full-Contraction,1.0,1650.0773764584164,85,0,1.0
6,Min Sum,Full-Contraction,1.0,1370.134478063541,72,0,1.0
6,Min Sum,Full-Contraction,1.0,1344.6725000709207,67,0,1.0
6,Min Sum,Full-Contraction,1.0,1499.851445020445,78,0,1.0
6,Min Sum,Full-Contraction,1.0,1531.778487535044,76,0,1.0
6,Min Sum,Full-Contraction,1.0,1539.4649654579785,80,0,1.0
6,Min Sum,Full-Contraction,1.0,1271.4792619456694,67,0,1.0
6,Min Sum,Full-Contraction,1.0,1370.134478063541,72,0,1.0
6,Min Sum,Full-Contraction,1.0,1488.6337032982717,74,0,1.0
6,Min Sum,Full-Contraction,1.0,1488.6337032982717,74,0,1.0
6,Min Sum,Full-Contraction,1.0,1443.3277161887927,72,0,1.0
6,Min Sum,Full-Contraction,1.0,1531.778487535044,76,0,1.0
6,Min Sum,Full-Contraction,1.0,1458.5852494097924,76,0,1.0
6,Min Sum,Full-Contraction,1.0,1612.65820358323,80,0,1.0
6,Min Sum,Full-Contraction,1.0,1370.134478063541,72,0,1.0
6,Min Sum,Full-Contraction,1.0,1531.778487535044,76,0,1.0
6,Min Sum,Full-Contraction,1.0,1539.4649654579785,80,0,1.0
6,Min Sum,Full-Contraction,1.0,1443.3277161887927,72,0,1.0
6,Min Sum,Full-Contraction,1.0,1539.4649654579785,80,0,1.0
6,Min Sum,Full-Contraction,1.0,1488.6337032982717,74,0,1.0
6,Min Sum,Full-Contraction,1.0,1443.3277161887927,72,0,1.0
6,Min Sum,Full-Contraction,1.0,1612.65820358323,80,0,1.0
6,Min Sum,Full-Contraction,1.0,1458.5852494097924,76,0,1.0
6,Min Sum,Full-Contraction,1.0,1531.778487535044,76,0,1.0
6,Min Sum,Full-Contraction,1.0,1290.2019706710776,64,0,1.0
6,Min Sum,Full-Contraction,1.0,1488.6337032982717,76,0,1.0
6,Min Sum,Full-Contraction,1.0,1488.6337032982717,74,0,1.0
6,Min Sum,Full-Contraction,1.0,1650.0773764584164,85,0,1.0
6,Min Sum,Full-Contraction,1.0,1650.0773764584164,85,0,1.0
6,Min Sum,Full-Contraction,1.0,1370.134478063541,72,0,1.0
6,Min Sum,Full-Contraction,1.0,1718.2065487187356,89,0,1.0
6,Min Sum,Full-Contraction,1.0,1650.0773764584164,85,0,1.0
6,Min Sum,Full-Contraction,1.0,1370.134478063541,72,0,1.0
6,Min Sum,Full-Contraction,1.0,1370.134478063541,72,0,1.0
6,Min Sum,Full-Contraction,1.0,1488.6337032982717,76,0,1.0
6,Min Sum,Full-Contraction,1.0,1370.134478063541,72,0,1.0
6,Min Sum,Full-Contraction,1.0,1612.65820358323,80,0,1.0
6,Min Sum,Full-Contraction,1.0,1499.851445020445,78,0,1.0
6,Min Sum,Full-Contraction,1.0,1539.4649654579785,80,0,1.0
6,Min Sum,Full-Contraction,1.0,1290.2019706710776,67,0,1.0
6,Min Sum,Full-Contraction,1.0,1539.4649654579785,80,0,1.0
6,Min Sum,Full-Contraction,1.0,1458.5852494097924,76,0,1.0
6,Min Sum,Full-Contraction,1.0,1531.778487535044,76,0,1.0
6,Min Sum,Full-Contraction,1.0,1344.6725000709207,67,0,1.0
6,Min Sum,Full-Contraction,1.0,1370.134478063541,76,0,1.0
6,Min Sum,Full-Contraction,1.0,1290.2019706710776,67,0,1.0
6,Min Sum,Full-Contraction,1.0,1539.4649654579785,80,0,1.0
6,Min Sum,Full-Contraction,1.0,1370.134478063541,72,0,1.0
6,Min Sum,Full-Contraction,1.0,1539.4649654579785,80,0,1.0
6,Min Sum,Full-Contraction,1.0,1531.778487535044,76,0,1.0
6,Min Sum,Full-Contraction,1.0,1539.4649654579785,80,0,1.0
6,Min Sum,Full-Contraction,1.0,1217.008732545826,64,0,1.0
6,Min Sum,Full-Contraction,1.0,1290.2019706710776,64,0,1.0
6,Min Sum,Full-Contraction,1.0,1271.4792619456694,67,0,1.0
6,Min Sum,Full-Contraction,1.0,1290.2019706710776,64,0,1.0
6,Min Sum,Full-Contraction,1.0,1217.008732545826,67,0,1.0
6,Min Sum,Full-Contraction,1.0,1344.6725000709207,67,0,1.0
6,Min Sum,Full-Contraction,1.0,1531.778487535044,76,0,1.0
6,Min Sum,Full-Contraction,1.0,1344.6725000709207,67,0,1.0
6,Min Sum,Full-Contraction,1.0,1443.3277161887927,72,0,1.0
6,Min Sum,Full-Contraction,1.0,1092.9971408438084,67,0,1.0
6,Min Sum,Full-Contraction,1.0,1370.134478063541,72,0,1.0
6,Min Sum,Full-Contraction,1.0,1290.2019706710776,64,0,1.0
6,Min Sum,Full-Contraction,1.0,1370.134478063541,72,0,1.0
6,Min Sum,Full-Contraction,1.0,1290.2019706710776,64,0,1.0
6,Min Sum,Full-Contraction,1.0,1217.008732545826,67,0,1.0
6,Min Sum,Full-Contraction,1.0,1612.65820358323,80,0,1.0
6,Min Sum,Full-Contraction,1.0,1290.2019706710776,64,0,1.0
6,Min Sum,Full-Contraction,1.0,1290.2019706710776,67,0,1.0
6,Min Sum,Full-Contraction,1.0,1217.008732545826,64,0,1.0
6,Min Sum,Full-Contraction,1.0,1092.9971408438084,58,0,1.0
6,Min Sum,Full-Contraction,1.0,1443.3277161887927,72,0,1.0
6,Min Sum,Full-Contraction,1.0,1531.778487535044,76,0,1.0
6,Min Sum,Full-Contraction,1.0,1092.9971408438084,55,0,1.0
6,Min Sum,Full-Contraction,1.0,1092.9971408438084,55,0,1.0
6,Min Sum,Full-Contraction,1.0,1290.2019706710776,64,0,1.0
6,Min Sum,Full-Contraction,1.0,1344.6725000709207,67,0,1.0
6,Min Sum,Full-Contraction,1.0,1290.2019706710776,64,0,1.0
6,Min Sum,Full-Contraction,1.0,1290.2019706710776,64,0,1.0
6,Min Sum,Full-Contraction,1.0,1217.008732545826,67,0,1.0
6,Min Sum,Full-Contraction,1.0,1290.2019706710776,64,0,1.0
6,Min Sum,Full-Contraction,1.0,1290.2019706710776,64,0,1.0
6,Min Sum,Full-Contraction,1.0,1092.9971408438084,55,0,1.0
6,Min Sum,Full-Contraction,1.0,1092.9971408438084,58,0,1.0
6,Min Sum,Full-Contraction,1.0,1092.9971408438084,55,0,1.0
6,Min Sum,Full-Contraction,1.0,1370.134478063541,72,0,1.0
6,Min Sum,Full-Contraction,1.0,1344.6725000709207,67,0,1.0
6,Min Sum,Full-Contraction,1.0,1092.9971408438084,58,0,1.0
6,Min Sum,Full-Contraction,1.0,1344.6725000709207,67,0,1.0
6,Min Sum,Full-Contraction,1.0,1499.851445020445,78,0,1.0
6,Min Sum,Full-Contraction,1.0,934.166020071207,58,0,1.0
6,Min Sum,Full-Contraction,1.0,1344.6725000709207,67,0,1.0
6,Min Sum,Full-Contraction,1.0,1217.008732545826,67,0,1.0
6,Min Sum,Full-Contraction,1.0,1217.008732545826,67,0,1.0
6,Min Sum,Full-Contraction,1.0,1290.2019706710776,67,0,1.0
6,Min Sum,Full-Contraction,1.0,1166.19037896906,64,0,1.0
6,Min Sum,Full-Contraction,1.0,1217.008732545826,67,0,1.0
6,Min Sum,Full-Contraction,1.0,1217.008732545826,64,0,1.0
6,Min Sum,Full-Contraction,1.0,1217.008732545826,64,0,1.0
6,Min Sum,Full-Contraction,1.0,1166.19037896906,58,0,1.0
6,Min Sum,Full-Contraction,1.0,826.1297173761164,55,0,1.0
6,Min Sum,Full-Contraction,1.0,1290.2019706710776,64,0,1.0
6,Min Sum,Full-Contraction,1.0,1290.2019706710776,64,0,1.0
6,Min Sum,Full-Contraction,1.0,1217.008732545826,64,0,1.0
6,Min Sum,Full-Contraction,1.0,1271.4792619456694,67,0,1.0
6,Min Sum,Full-Contraction,1.0,1217.008732545826,64,0,1.0
6,Min Sum,Full-Contraction,1.0,1217.008732545826,64,0,1.0
6,Min Sum,Full-Contraction,1.0,1344.6725000709207,67,0,1.0
6,Min Sum,Full-Contraction,1.0,1092.9971408438084,67,0,1.0
6,Min Sum,Full-Contraction,1.0,1290.2019706710776,64,0,1.0
6,Min Sum,Full-Contraction,1.0,1092.9971408438084,55,0,1.0
6,Min Sum,Full-Contraction,1.0,1166.19037896906,58,0,1.0
6,Min Sum,Full-Contraction,1.0,1290.2019706710776,64,0,1.0
6,Min Sum,Full-Contraction,1.0,1166.19037896906,58,0,1.0
6,Min Sum,Full-Contraction,1.0,1092.9971408438084,58,0,1.0
6,Min Sum,Full-Contraction,1.0,1370.134478063541,72,0,1.0
6,Min Sum,Full-Contraction,1.0,971.7684121656075,50,0,1.0
6,Min Sum,Full-Contraction,1.0,1443.610406388991,72,0,1.0
6,Min Sum,Full-Contraction,1.0,1043.9808727538548,58,0,1.0
6,Min Sum,Full-Contraction,1.0,1021.2379437554243,55,0,1.0
6,Min Sum,Full-Contraction,1.0,828.892447965977,50,0,1.0
6,Min Sum,Full-Contraction,1.0,1243.8047437733198,68,0,1.0
6,Min Sum,Full-Contraction,1.0,1418.219241859542,74,0,1.0
6,Min Sum,Full-Contraction,1.0,1243.8047437733198,68,0,1.0
6,Min Sum,Full-Contraction,1.0,1406.7247469358213,76,0,1.0
6,Min Sum,Full-Contraction,1.0,1280.6755474401325,68,0,1.0
6,Min Sum,Full-Contraction,1.0,889.4442709417555,52,0,1.0
6,Min Sum,Full-Contraction,1.0,1443.610406388991,72,0,1.0
6,Min Sum,Full-Contraction,1.0,889.4442709417555,47,0,1.0
6,Min Sum,Full-Contraction,1.0,1443.610406388991,72,0,1.0
6,Min Sum,Full-Contraction,1.0,996.4869807124394,51,0,1.0
6,Min Sum,Full-Contraction,1.0,1525.4641947641135,81,0,1.0
6,Min Sum,Full-Contraction,1.0,1243.8047437733198,68,0,1.0
6,Min Sum,Full-Contraction,1.0,1243.8047437733198,68,0,1.0
6,Min Sum,Full-Contraction,1.0,1043.9808727538548,58,0,1.0
6,Min Sum,Full-Contraction,1.0,889.4442709417555,46,0,1.0
6,Min Sum,Full-Contraction,1.0,1406.7247469358213,76,0,1.0
6,Min Sum,Full-Contraction,1.0,1418.219241859542,74,0,1.0
6,Min Sum,Full-Contraction,1.0,1000.0943162909886,54,0,1.0
6,Min Sum,Full-Contraction,1.0,971.7684121656075,54,0,1.0
6,Min Sum,Full-Contraction,1.0,1272.94271676499,69,0,1.0
6,Min Sum,Full-Contraction,1.0,1267.9947378194422,68,0,1.0
6,Min Sum,Full-Contraction,1.0,1021.2379437554243,55,0,1.0
6,Min Sum,Full-Contraction,1.0,1443.610406388991,72,0,1.0
6,Min Sum,Full-Contraction,1.0,1243.8047437733198,68,0,1.0
6,Min Sum,Full-Contraction,1.0,1166.460273714798,64,0,1.0
6,Min Sum,Full-Contraction,1.0,1021.2379437554243,55,0,1.0
6,Min Sum,Full-Contraction,1.0,1272.94271676499,69,0,1.0
6,Min Sum,Full-Contraction,1.0,723.2461463992795,46,0,1.0
6,Min Sum,Full-Contraction,1.0,971.7684121656075,54,0,1.0
6,Min Sum,Full-Contraction,1.0,1272.94271676499,69,0,1.0
6,Min Sum,Full-Contraction,1.0,1443.610406388991,72,0,1.0
6,Min Sum,Full-Contraction,1.0,889.4442709417555,47,0,1.0
6,Min Sum,Full-Contraction,1.0,1272.94271676499,69,0,1.0
6,Min Sum,Full-Contraction,1.0,1043.9808727538548,58,0,1.0
6,Min Sum,Full-Contraction,1.0,1106.3699101801847,56,0,1.0
6,Min Sum,Full-Contraction,1.0,1280.6755474401325,68,0,1.0
6,Min Sum,Full-Contraction,1.0,1106.3699101801847,56,0,1.0
6,Min Sum,Full-Contraction,1.0,1106.3699101801847,56,0,1.0
6,Min Sum,Full-Contraction,1.0,1315.0129871737836,71,0,1.0
6,Min Sum,Full-Contraction,1.0,1085.9016041932557,55,0,1.0
6,Min Sum,Full-Contraction,1.0,996.4869807124394,51,0,1.0
6,Min Sum,Full-Contraction,1.0,1043.9808727538548,58,0,1.0
6,Min Sum,Full-Contraction,1.0,1043.9808727538548,58,0,1.0
6,Min Sum,Full-Contraction,1.0,1258.489685882632,68,0,1.0
6,Min Sum,Full-Contraction,1.0,1243.8047437733198,68,0,1.0
6,Min Sum,Full-Contraction,1.0,1443.610406388991,72,0,1.0
6,Min Sum,Full-Contraction,1.0,1135.7774116166884,62,0,1.0
6,Min Sum,Full-Contraction,1.0,889.4442709417555,47,0,1.0
6,Min Sum,Full-Contraction,1.0,1043.9808727538548,58,0,1.0
6,Min Sum,Full-Contraction,1.0,889.4442709417555,46,0,1.0
6,Min Sum,Full-Contraction,1.0,889.4442709417555,47,0,1.0
6,Min Sum,Full-Contraction,1.0,1280.6755474401325,69,0,1.0
6,Min Sum,Full-Contraction,1.0,1280.6755474401325,68,0,1.0
6,Min Sum,Full-Contraction,1.0,1021.2379437554243,55,0,1.0
6,Min Sum,Full-Contraction,1.0,1243.8047437733198,68,0,1.0
6,Min Sum,Full-Contraction,1.0,971.7684121656075,50,0,1.0
6,Min Sum,Full-Contraction,1.0,1135.7774116166884,61,0,1.0
6,Min Sum,Full-Contraction,1.0,1133.4056441082134,62,0,1.0
6,Min Sum,Full-Contraction,1.0,1272.94271676499,69,0,1.0
6,Min Sum,Full-Contraction,1.0,955.4810250874484,52,0,1.0
6,Min Sum,Full-Contraction,1.0,989.604823003891,51,0,1.0
6,Min Sum,Full-Contraction,1.0,1422.9588803802335,71,0,1.0
6,Min Sum,Full-Contraction,1.0,1043.7176263425501,56,0,1.0
6,Min Sum,Full-Contraction,1.0,989.0268270768893,53,0,1.0
6,Min Sum,Full-Contraction,1.0,1061.3387554127685,54,0,1.0
6,Min Sum,Full-Contraction,1.0,1234.8680104160715,65,0,1.0
6,Min Sum,Full-Contraction,1.0,1375.8479774410323,72,0,1.0
6,Min Sum,Full-Contraction,1.0,1234.8680104160715,65,0,1.0
6,Min Sum,Full-Contraction,1.0,1396.2733258348453,73,0,1.0
6,Min Sum,Full-Contraction,1.0,1234.8680104160715,65,0,1.0
6,Min Sum,Full-Contraction,1.0,963.3912531645569,52,0,1.0
6,Min Sum,Full-Contraction,1.0,1422.9588803802335,71,0,1.0
6,Min Sum,Full-Contraction,1.0,963.3912531645569,49,0,1.0
6,Min Sum,Full-Contraction,1.0,1422.9588803802335,71,0,1.0
6,Min Sum,Full-Contraction,1.0,976.6668790030651,54,0,1.0
6,Min Sum,Full-Contraction,1.0,1516.9402408809042,79,0,1.0
6,Min Sum,Full-Contraction,1.0,1242.8809341234203,66,0,1.0
6,Min Sum,Full-Contraction,1.0,1234.8680104160715,65,0,1.0
6,Min Sum,Full-Contraction,1.0,1043.7176263425501,56,0,1.0
6,Min Sum,Full-Contraction,1.0,810.0016626458371,49,0,1.0
6,Min Sum,Full-Contraction,1.0,1396.2733258348453,73,0,1.0
6,Min Sum,Full-Contraction,1.0,1375.8479774410323,72,0,1.0
6,Min Sum,Full-Contraction,1.0,989.604823003891,52,0,1.0
6,Min Sum,Full-Contraction,1.0,989.604823003891,52,0,1.0
6,Min Sum,Full-Contraction,1.0,1043.7176263425501,68,0,1.0
6,Min Sum,Full-Contraction,1.0,1254.5505430010032,66,0,1.0
6,Min Sum,Full-Contraction,1.0,989.0268270768893,53,0,1.0
6,Min Sum,Full-Contraction,1.0,1422.9588803802335,71,0,1.0
6,Min Sum,Full-Contraction,1.0,1234.8680104160715,65,0,1.0
6,Min Sum,Full-Contraction,1.0,1254.5505430010032,63,0,1.0
6,Min Sum,Full-Contraction,1.0,989.0268270768893,53,0,1.0
6,Min Sum,Full-Contraction,1.0,1342.815944814386,68,0,1.0
6,Min Sum,Full-Contraction,1.0,810.0016626458371,49,0,1.0
6,Min Sum,Full-Contraction,1.0,989.604823003891,52,0,1.0
6,Min Sum,Full-Contraction,1.0,1342.815944814386,68,0,1.0
6,Min Sum,Full-Contraction,1.0,1422.9588803802335,71,0,1.0
6,Min Sum,Full-Contraction,1.0,935.7112565078801,48,0,1.0
6,Min Sum,Full-Contraction,1.0,1162.978677262311,68,0,1.0
6,Min Sum,Full-Contraction,1.0,1043.7176263425501,57,0,1.0
6,Min Sum,Full-Contraction,1.0,1104.6880674053668,56,0,1.0
6,Min Sum,Full-Contraction,1.0,1162.978677262311,65,0,1.0
6,Min Sum,Full-Contraction,1.0,1104.6880674053668,56,0,1.0
6,Min Sum,Full-Contraction,1.0,1104.6880674053668,56,0,1.0
6,Min Sum,Full-Contraction,1.0,1304.412655046874,69,0,1.0
6,Min Sum,Full-Contraction,1.0,1155.0398991902168,58,0,1.0
6,Min Sum,Full-Contraction,1.0,976.6668790030651,54,0,1.0
6,Min Sum,Full-Contraction,1.0,1043.7176263425501,56,0,1.0
6,Min Sum,Full-Contraction,1.0,1043.7176263425501,56,0,1.0
6,Min Sum,Full-Contraction,1.0,1250.817780602601,66,0,1.0
6,Min Sum,Full-Contraction,1.0,1242.8809341234203,66,0,1.0
6,Min Sum,Full-Contraction,1.0,1422.9588803802335,71,0,1.0
6,Min Sum,Full-Contraction,1.0,1122.5822056439197,60,0,1.0
6,Min Sum,Full-Contraction,1.0,810.0016626458371,49,0,1.0
6,Min Sum,Full-Contraction,1.0,1043.7176263425501,56,0,1.0
6,Min Sum,Full-Contraction,1.0,963.3912531645569,49,0,1.0
6,Min Sum,Full-Contraction,1.0,935.7112565078801,48,0,1.0
6,Min Sum,Full-Contraction,1.0,1342.815944814386,68,0,1.0
6,Min Sum,Full-Contraction,1.0,1242.8809341234203,66,0,1.0
6,Min Sum,Full-Contraction,1.0,917.1374939231289,53,0,1.0
6,Min Sum,Full-Contraction,1.0,1242.8809341234203,66,0,1.0
6,Min Sum,Full-Contraction,1.0,989.604823003891,51,0,1.0
6,Min Sum,Full-Contraction,1.0,1094.0694581274001,58,0,1.0
6,Min Sum,Full-Contraction,1.0,1122.5822056439197,60,0,1.0
6,Min Sum,Full-Contraction,1.0,1342.815944814386,68,0,1.0
6,Min Sum,Full-Contraction,1.0,963.3912531645569,52,0,1.0
6,Min Sum,Full-Contraction,1.0,1188.367682636825,60,0,1.0
6,Min Sum,Full-Contraction,1.0,1105.3500775913835,60,0,1.0
6,Min Sum,Full-Contraction,1.0,1253.498366822193,63,0,1.0
6,Min Sum,Full-Contraction,1.0,1207.5923020050182,61,0,1.0
6,Min Sum,Full-Contraction,1.0,1207.5923020050182,65,0,1.0
6,Min Sum,Full-Contraction,1.0,1235.4819383294289,63,0,1.0
6,Min Sum,Full-Contraction,1.0,1421.5459644938924,72,0,1.0
6,Min Sum,Full-Contraction,1.0,1235.4819383294289,63,0,1.0
6,Min Sum,Full-Contraction,1.0,1337.7581983473851,68,0,1.0
6,Min Sum,Full-Contraction,1.0,981.6855671232637,63,0,1.0
6,Min Sum,Full-Contraction,1.0,1337.7581983473851,68,0,1.0
6,Min Sum,Full-Contraction,1.0,1059.2020975838266,60,0,1.0
6,Min Sum,Full-Contraction,1.0,1345.7201626223161,68,0,1.0
6,Min Sum,Full-Contraction,1.0,929.2204726372017,60,0,1.0
6,Min Sum,Full-Contraction,1.0,1207.5923020050182,65,0,1.0
6,Min Sum,Full-Contraction,1.0,1504.9802663342944,76,0,1.0
6,Min Sum,Full-Contraction,1.0,1059.2020975838266,60,0,1.0
6,Min Sum,Full-Contraction,1.0,1178.5498122192748,63,0,1.0
6,Min Sum,Full-Contraction,1.0,1031.4626970508364,61,0,1.0
6,Min Sum,Full-Contraction,1.0,1071.0915316807186,56,0,1.0
6,Min Sum,Full-Contraction,1.0,1337.7581983473851,68,0,1.0
6,Min Sum,Full-Contraction,1.0,1421.5459644938924,72,0,1.0
6,Min Sum,Full-Contraction,1.0,981.6855671232637,50,0,1.0
6,Min Sum,Full-Contraction,1.0,1008.8497300281037,52,0,1.0
6,Min Sum,Full-Contraction,1.0,1021.897354889386,60,0,1.0
6,Min Sum,Full-Contraction,1.0,981.6855671232637,63,0,1.0
6,Min Sum,Full-Contraction,1.0,1178.5498122192748,60,0,1.0
6,Min Sum,Full-Contraction,1.0,1105.3500775913835,60,0,1.0
6,Min Sum,Full-Contraction,1.0,1235.4819383294289,63,0,1.0
6,Min Sum,Full-Contraction,1.0,981.6855671232637,60,0,1.0
6,Min Sum,Full-Contraction,1.0,1178.5498122192748,60,0,1.0
6,Min Sum,Full-Contraction,1.0,1021.897354889386,52,0,1.0
6,Min Sum,Full-Contraction,1.0,1008.8497300281037,56,0,1.0
6,Min Sum,Full-Contraction,1.0,981.6855671232637,50,0,1.0
6,Min Sum,Full-Contraction,1.0,1337.7581983473851,68,0,1.0
6,Min Sum,Full-Contraction,1.0,929.2204726372017,63,0,1.0
6,Min Sum,Full-Contraction,1.0,1071.0915316807186,55,0,1.0
6,Min Sum,Full-Contraction,1.0,981.6855671232637,63,0,1.0
6,Min Sum,Full-Contraction,1.0,1471.0915316807186,74,0,1.0
6,Min Sum,Full-Contraction,1.0,1059.2020975838266,54,0,1.0
6,Min Sum,Full-Contraction,1.0,852.4350819777369,63,0,1.0
6,Min Sum,Full-Contraction,1.0,1207.5923020050182,65,0,1.0
6,Min Sum,Full-Contraction,1.0,1207.5923020050182,65,0,1.0
6,Min Sum,Full-Contraction,1.0,1012.2380776826433,63,0,1.0
6,Min Sum,Full-Contraction,1.0,1059.352333375247,63,0,1.0
6,Min Sum,Full-Contraction,1.0,1207.5923020050182,65,0,1.0
6,Min Sum,Full-Contraction,1.0,1207.5923020050182,61,0,1.0
6,Min Sum,Full-Contraction,1.0,1207.5923020050182,61,0,1.0
6,Min Sum,Full-Contraction,1.0,1071.0915316807186,55,0,1.0
6,Min Sum,Full-Contraction,1.0,1021.897354889386,52,0,1.0
6,Min Sum,Full-Contraction,1.0,981.6855671232637,60,0,1.0
6,Min Sum,Full-Contraction,1.0,1040.8805376076018,62,0,1.0
6,Min Sum,Full-Contraction,1.0,1059.2020975838266,61,0,1.0
6,Min Sum,Full-Contraction,1.0,1253.498366822193,63,0,1.0
6,Min Sum,Full-Contraction,1.0,1207.5923020050182,62,0,1.0
6,Min Sum,Full-Contraction,1.0,1188.367682636825,60,0,1.0
6,Min Sum,Full-Contraction,1.0,1008.8497300281037,63,0,1.0
6,Min Sum,Full-Contraction,1.0,1235.4819383294289,63,0,1.0
6,Min Sum,Full-Contraction,1.0,1207.5923020050182,61,0,1.0
6,Min Sum,Full-Contraction,1.0,1008.8497300281037,52,0,1.0
6,Min Sum,Full-Contraction,1.0,1071.0915316807186,56,0,1.0
6,Min Sum,Full-Contraction,1.0,1178.5498122192748,60,0,1.0
6,Min Sum,Full-Contraction,1.0,1059.2020975838266,56,0,1.0
6,Min Sum,Full-Contraction,1.0,981.6855671232637,54,0,1.0
6,Min Sum,Full-Contraction,1.0,1337.7581983473851,68,0,1.0
6,Min Sum,Full-Contraction,1.0,1015.4364141151879,52,0,1.0
6,Min Sum,Full-Contraction,1.0,1232.004169034588,72,0,1.0
6,Min Sum,Full-Contraction,1.0,1015.4364141151879,56,0,1.0
6,Min Sum,Full-Contraction,1.0,1015.4364141151879,55,0,1.0
6,Min Sum,Full-Contraction,1.0,1122.3545042104531,57,0,1.0
6,Min Sum,Full-Contraction,1.0,1191.5030982425062,66,0,1.0
6,Min Sum,Full-Contraction,1.0,1336.241486559813,73,0,1.0
6,Min Sum,Full-Contraction,1.0,1191.5030982425062,66,0,1.0
6,Min Sum,Full-Contraction,1.0,1350.2104664467504,74,0,1.0
6,Min Sum,Full-Contraction,1.0,1191.5030982425062,66,0,1.0
6,Min Sum,Full-Contraction,1.0,1015.4364141151879,55,0,1.0
6,Min Sum,Full-Contraction,1.0,1136.981443307879,72,0,1.0
6,Min Sum,Full-Contraction,1.0,1015.4364141151879,52,0,1.0
6,Min Sum,Full-Contraction,1.0,1136.981443307879,72,0,1.0
6,Min Sum,Full-Contraction,1.0,881.302963819526,57,0,1.0
6,Min Sum,Full-Contraction,1.0,1473.984832729667,80,0,1.0
6,Min Sum,Full-Contraction,1.0,1164.3087271773343,66,0,1.0
6,Min Sum,Full-Contraction,1.0,1191.5030982425062,66,0,1.0
6,Min Sum,Full-Contraction,1.0,1015.4364141151879,56,0,1.0
6,Min Sum,Full-Contraction,1.0,1015.4364141151879,52,0,1.0
6,Min Sum,Full-Contraction,1.0,1350.2104664467504,74,0,1.0
6,Min Sum,Full-Contraction,1.0,1336.241486559813,73,0,1.0
6,Min Sum,Full-Contraction,1.0,909.4134380501303,52,0,1.0
6,Min Sum,Full-Contraction,1.0,909.4134380501303,52,0,1.0
6,Min Sum,Full-Contraction,1.0,1055.3967929896867,68,0,1.0
6,Min Sum,Full-Contraction,1.0,1267.835157123686,66,0,1.0
6,Min Sum,Full-Contraction,1.0,974.3848737242606,55,0,1.0
6,Min Sum,Full-Contraction,1.0,1136.981443307879,72,0,1.0
6,Min Sum,Full-Contraction,1.0,1191.5030982425062,66,0,1.0
6,Min Sum,Full-Contraction,1.0,1055.3967929896867,64,0,1.0
6,Min Sum,Full-Contraction,1.0,1015.4364141151879,55,0,1.0
6,Min Sum,Full-Contraction,1.0,1054.09255338946,68,0,1.0
6,Min Sum,Full-Contraction,1.0,774.3848737242606,52,0,1.0
6,Min Sum,Full-Contraction,1.0,909.4134380501303,52,0,1.0
6,Min Sum,Full-Contraction,1.0,1054.09255338946,68,0,1.0
6,Min Sum,Full-Contraction,1.0,1191.5030982425062,72,0,1.0
6,Min Sum,Full-Contraction,1.0,974.3848737242606,50,0,1.0
6,Min Sum,Full-Contraction,1.0,1267.835157123686,68,0,1.0
6,Min Sum,Full-Contraction,1.0,1055.3967929896867,60,0,1.0
6,Min Sum,Full-Contraction,1.0,974.3848737242606,57,0,1.0
6,Min Sum,Full-Contraction,1.0,1191.5030982425062,66,0,1.0
6,Min Sum,Full-Contraction,1.0,1122.3545042104531,57,0,1.0
6,Min Sum,Full-Contraction,1.0,881.302963819526,57,0,1.0
6,Min Sum,Full-Contraction,1.0,1191.5030982425062,69,0,1.0
6,Min Sum,Full-Contraction,1.0,1203.738640984964,61,0,1.0
6,Min Sum,Full-Contraction,1.0,1122.3545042104531,57,0,1.0
6,Min Sum,Full-Contraction,1.0,814.5108532203864,56,0,1.0
6,Min Sum,Full-Contraction,1.0,841.0515403909274,56,0,1.0
6,Min Sum,Full-Contraction,1.0,1021.8535147176545,66,0,1.0
6,Min Sum,Full-Contraction,1.0,1013.5914825973783,66,0,1.0
6,Min Sum,Full-Contraction,1.0,1136.981443307879,72,0,1.0
6,Min Sum,Full-Contraction,1.0,1055.3967929896867,60,0,1.0
6,Min Sum,Full-Contraction,1.0,1015.4364141151879,52,0,1.0
6,Min Sum,Full-Contraction,1.0,814.5108532203864,56,0,1.0
6,Min Sum,Full-Contraction,1.0,988.4583771194592,52,0,1.0
6,Min Sum,Full-Contraction,1.0,974.3848737242606,50,0,1.0
6,Min Sum,Full-Contraction,1.0,1267.835157123686,68,0,1.0
6,Min Sum,Full-Contraction,1.0,1191.5030982425062,66,0,1.0
6,Min Sum,Full-Contraction,1.0,974.3848737242606,55,0,1.0
6,Min Sum,Full-Contraction,1.0,1013.5914825973783,66,0,1.0
6,Min Sum,Full-Contraction,1.0,1015.4364141151879,52,0,1.0
6,Min Sum,Full-Contraction,1.0,1055.3967929896867,60,0,1.0
6,Min Sum,Full-Contraction,1.0,1075.1054690554865,60,0,1.0
6,Min Sum,Full-Contraction,1.0,1267.835157123686,68,0,1.0
6,Min Sum,Full-Contraction,1.0,1015.4364141151879,55,0,1.0
6,Min Sum,Full-Contraction,1.0,1176.4602927211006,69,0,1.0
6,Min Sum,Full-Contraction,1.0,1092.9971408438084,55,0,1.0
6,Min Sum,Full-Contraction,1.0,1092.9971408438084,71,0,1.0
6,Min Sum,Full-Contraction,1.0,1370.134478063541,71,0,1.0
6,Min Sum,Full-Contraction,1.0,1345.790780115538,77,0,1.0
6,Min Sum,Full-Contraction,1.0,1264.9110640673518,73,0,1.0
6,Min Sum,Full-Contraction,1.0,1264.9110640673518,73,0,1.0
6,Min Sum,Full-Contraction,1.0,1217.008732545826,64,0,1.0
6,Min Sum,Full-Contraction,1.0,1077.8050766032288,64,0,1.0
6,Min Sum,Full-Contraction,1.0,1019.803902718557,52,0,1.0
6,Min Sum,Full-Contraction,1.0,1176.4602927211006,69,0,1.0
6,Min Sum,Full-Contraction,1.0,1092.9971408438084,55,0,1.0
6,Min Sum,Full-Contraction,1.0,1264.9110640673518,73,0,1.0
6,Min Sum,Full-Contraction,1.0,1092.9971408438084,55,0,1.0
6,Min Sum,Full-Contraction,1.0,1345.790780115538,77,0,1.0
6,Min Sum,Full-Contraction,1.0,1077.8050766032288,64,0,1.0
6,Min Sum,Full-Contraction,1.0,1092.9971408438084,55,0,1.0
6,Min Sum,Full-Contraction,1.0,1264.9110640673518,73,0,1.0
6,Min Sum,Full-Contraction,1.0,1271.4792619456694,71,0,1.0
6,Min Sum,Full-Contraction,1.0,1176.4602927211006,69,0,1.0
6,Min Sum,Full-Contraction,1.0,1023.3345472033855,61,0,1.0
6,Min Sum,Full-Contraction,1.0,1271.4792619456694,64,0,1.0
6,Min Sum,Full-Contraction,1.0,1092.9971408438084,55,0,1.0
6,Min Sum,Full-Contraction,1.0,1092.9971408438084,61,0,1.0
6,Min Sum,Full-Contraction,1.0,934.166020071207,52,0,1.0
6,Min Sum,Full-Contraction,1.0,1019.803902718557,52,0,1.0
6,Min Sum,Full-Contraction,1.0,1217.008732545826,64,0,1.0
6,Min Sum,Full-Contraction,1.0,1092.9971408438084,55,0,1.0
6,Min Sum,Full-Contraction,1.0,1092.9971408438084,64,0,1.0
6,Min Sum,Full-Contraction,1.0,1019.803902718557,52,0,1.0
6,Min Sum,Full-Contraction,1.0,1176.4602927211006,69,0,1.0
6,Min Sum,Full-Contraction,1.0,1092.9971408438084,61,0,1.0
6,Min Sum,Full-Contraction,1.0,1176.4602927211006,69,0,1.0
6,Min Sum,Full-Contraction,1.0,1092.9971408438084,55,0,1.0
6,Min Sum,Full-Contraction,1.0,1176.4602927211006,69,0,1.0
6,Min Sum,Full-Contraction,1.0,1092.9971408438084,55,0,1.0
6,Min Sum,Full-Contraction,1.0,1217.008732545826,64,0,1.0
6,Min Sum,Full-Contraction,1.0,1019.803902718557,52,0,1.0
6,Min Sum,Full-Contraction,1.0,1345.790780115538,77,0,1.0
6,Min Sum,Full-Contraction,1.0,1023.3345472033855,61,0,1.0
6,Min Sum,Full-Contraction,1.0,1019.803902718557,52,0,1.0
6,Min Sum,Full-Contraction,1.0,1345.790780115538,77,0,1.0
6,Min Sum,Full-Contraction,1.0,1345.790780115538,77,0,1.0
6,Min Sum,Full-Contraction,1.0,902.9986668237003,64,0,1.0
6,Min Sum,Full-Contraction,1.0,1306.1772596780045,75,0,1.0
6,Min Sum,Full-Contraction,1.0,1345.790780115538,77,0,1.0
6,Min Sum,Full-Contraction,1.0,1271.4792619456694,71,0,1.0
6,Min Sum,Full-Contraction,1.0,1221.7662798305796,71,0,1.0
6,Min Sum,Full-Contraction,1.0,1217.008732545826,64,0,1.0
6,Min Sum,Full-Contraction,1.0,1077.8050766032288,64,0,1.0
6,Min Sum,Full-Contraction,1.0,1092.9971408438084,55,0,1.0
6,Min Sum,Full-Contraction,1.0,1264.9110640673518,73,0,1.0
6,Min Sum,Full-Contraction,1.0,1370.134478063541,71,0,1.0
6,Min Sum,Full-Contraction,1.0,1046.9598700510512,71,0,1.0
6,Min Sum,Full-Contraction,1.0,1370.134478063541,73,0,1.0
6,Min Sum,Full-Contraction,1.0,1217.008732545826,64,0,1.0
6,Min Sum,Full-Contraction,1.0,934.166020071207,52,0,1.0
6,Min Sum,Full-Contraction,1.0,1019.803902718557,52,0,1.0
6,Min Sum,Full-Contraction,1.0,1271.4792619456694,71,0,1.0
6,Min Sum,Full-Contraction,1.0,1092.9971408438084,61,0,1.0
6,Min Sum,Full-Contraction,1.0,1176.4602927211006,69,0,1.0
6,Min Sum,Full-Contraction,1.0,1092.9971408438084,64,0,1.0
6,Min Sum,Full-Contraction,1.0,1176.4602927211006,69,0,1.0
6,Min Sum,Full-Contraction,1.0,740.4918347287664,55,0,1.0
6,Min Sum,Full-Contraction,1.0,1176.4602927211006,69,0,1.0
6,Min Sum,Full-Contraction,1.0,1092.9971408438084,55,0,1.0
6,Min Sum,Full-Contraction,1.0,1271.4792619456694,64,0,1.0
6,Min Sum,Full-Contraction,1.0,1092.9971408438084,55,0,1.0
6,Min Sum,Full-Contraction,1.0,1023.3345472033855,61,0,1.0
6,Min Sum,Full-Contraction,1.0,1019.803902718557,55,0,1.0
6,Min Sum,Full-Contraction,1.0,1176.4602927211006,69,0,1.0
6,Min Sum,Full-Contraction,1.0,1345.790780115538,77,0,1.0
6,Min Sum,Full-Contraction,1.0,1176.4602927211006,69,0,1.0
6,Min Sum,Full-Contraction,1.0,1306.1772596780045,75,0,1.0
6,Min Sum,Full-Contraction,1.0,1092.9971408438084,69,0,1.0
6,Min Sum,Full-Contraction,1.0,1271.4792619456694,64,0,1.0
6,Min Sum,Full-Contraction,1.0,1217.008732545826,64,0,1.0
6,Min Sum,Full-Contraction,1.0,1217.008732545826,61,0,1.0
6,Min Sum,Full-Contraction,1.0,1217.008732545826,64,0,1.0
6,Min Sum,Full-Contraction,1.0,1019.803902718557,55,0,1.0
6,Min Sum,Full-Contraction,1.0,1456.403191115976,82,0,1.0
6,Min Sum,Full-Contraction,1.0,1092.9971408438084,61,0,1.0
6,Min Sum,Full-Contraction,1.0,1077.8050766032288,69,0,1.0
6,Min Sum,Full-Contraction,1.0,826.1297173761164,52,0,1.0
6,Min Sum,Full-Contraction,1.0,934.166020071207,52,0,1.0
6,Min Sum,Full-Contraction,1.0,1306.1772596780045,75,0,1.0
6,Min Sum,Full-Contraction,1.0,1345.790780115538,77,0,1.0
6,Min Sum,Full-Contraction,1.0,899.3229555013679,55,0,1.0
6,Min Sum,Full-Contraction,1.0,826.1297173761164,55,0,1.0
6,Min Sum,Full-Contraction,1.0,1217.008732545826,64,0,1.0
6,Min Sum,Full-Contraction,1.0,1370.134478063541,69,0,1.0
6,Min Sum,Full-Contraction,1.0,1023.3345472033855,61,0,1.0
6,Min Sum,Full-Contraction,1.0,1092.9971408438084,64,0,1.0
6,Min Sum,Full-Contraction,1.0,1176.4602927211006,69,0,1.0
6,Min Sum,Full-Contraction,1.0,1077.8050766032288,64,0,1.0
6,Min Sum,Full-Contraction,1.0,848.5281374238571,61,0,1.0
6,Min Sum,Full-Contraction,1.0,1217.008732545826,61,0,1.0
6,Min Sum,Full-Contraction,1.0,934.166020071207,52,0,1.0
6,Min Sum,Full-Contraction,1.0,826.1297173761164,55,0,1.0
6,Min Sum,Full-Contraction,1.0,1271.4792619456694,64,0,1.0
6,Min Sum,Full-Contraction,1.0,1271.4792619456694,69,0,1.0
6,Min Sum,Full-Contraction,1.0,934.166020071207,52,0,1.0
6,Min Sum,Full-Contraction,1.0,1370.134478063541,69,0,1.0
6,Min Sum,Full-Contraction,1.0,1370.134478063541,69,0,1.0
6,Min Sum,Full-Contraction,1.0,651.3233075965879,52,0,1.0
6,Min Sum,Full-Contraction,1.0,1176.4602927211006,69,0,1.0
6,Min Sum,Full-Contraction,1.0,1019.803902718557,55,0,1.0
6,Min Sum,Full-Contraction,1.0,1019.803902718557,55,0,1.0
6,Min Sum,Full-Contraction,1.0,1370.134478063541,69,0,1.0
6,Min Sum,Full-Contraction,1.0,934.166020071207,55,0,1.0
6,Min Sum,Full-Contraction,1.0,1019.803902718557,55,0,1.0
6,Min Sum,Full-Contraction,1.0,1019.803902718557,52,0,1.0
6,Min Sum,Full-Contraction,1.0,1019.803902718557,52,0,1.0
6,Min Sum,Full-Contraction,1.0,1271.4792619456694,64,0,1.0
6,Min Sum,Full-Contraction,1.0,1217.008732545826,61,0,1.0
6,Min Sum,Full-Contraction,1.0,1092.9971408438084,64,0,1.0
6,Min Sum,Full-Contraction,1.0,1217.008732545826,64,0,1.0
6,Min Sum,Full-Contraction,1.0,1019.803902718557,52,0,1.0
6,Min Sum,Full-Contraction,1.0,1092.9971408438084,55,0,1.0
6,Min Sum,Full-Contraction,1.0,1019.803902718557,52,0,1.0
6,Min Sum,Full-Contraction,1.0,826.1297173761164,55,0,1.0
6,Min Sum,Full-Contraction,1.0,1370.134478063541,69,0,1.0
6,Min Sum,Full-Contraction,1.0,1176.4602927211006,69,0,1.0
6,Min Sum,Full-Contraction,1.0,1023.3345472033855,61,0,1.0
6,Min Sum,Full-Contraction,1.0,1217.008732545826,61,0,1.0
6,Min Sum,Full-Contraction,1.0,934.166020071207,52,0,1.0
6,Min Sum,Full-Contraction,1.0,1023.3345472033855,64,0,1.0
6,Min Sum,Full-Contraction,1.0,1023.3345472033855,61,0,1.0
6,Min Sum,Full-Contraction,1.0,1217.008732545826,61,0,1.0
6,Min Sum,Full-Contraction,1.0,1271.4792619456694,64,0,1.0
6,Min Sum,Full-Contraction,1.0,1092.9971408438084,55,0,1.0
6,Min Sum,Full-Contraction,1.0,1271.4792619456694,64,0,1.0
6,Min Sum,Full-Contraction,1.0,1092.9971408438084,55,0,1.0
6,Min Sum,Full-Contraction,1.0,1023.3345472033855,61,0,1.0
6,Min Sum,Full-Contraction,1.0,1019.803902718557,55,0,1.0
6,Min Sum,Full-Contraction,1.0,1176.4602927211006,69,0,1.0
6,Min Sum,Full-Contraction,1.0,1345.790780115538,77,0,1.0
6,Min Sum,Full-Contraction,1.0,1176.4602927211006,69,0,1.0
6,Min Sum,Full-Contraction,1.0,1306.1772596780045,75,0,1.0
6,Min Sum,Full-Contraction,1.0,1092.9971408438084,69,0,1.0
6,Min Sum,Full-Contraction,1.0,1271.4792619456694,64,0,1.0
6,Min Sum,Full-Contraction,1.0,1217.008732545826,64,0,1.0
6,Min Sum,Full-Contraction,1.0,1217.008732545826,61,0,1.0
6,Min Sum,Full-Contraction,1.0,1217.008732545826,64,0,1.0
6,Min Sum,Full-Contraction,1.0,1019.803902718557,55,0,1.0
6,Min Sum,Full-Contraction,1.0,1456.403191115976,82,0,1.0
6,Min Sum,Full-Contraction,1.0,1092.9971408438084,61,0,1.0
6,Min Sum,Full-Contraction,1.0,1176.4602927211006,69,0,1.0
6,Min Sum,Full-Contraction,1.0,1019.803902718557,52,0,1.0
6,Min Sum,Full-Contraction,1.0,934.166020071207,52,0,1.0
6,Min Sum,Full-Contraction,1.0,1306.1772596780045,75,0,1.0
6,Min Sum,Full-Contraction,1.0,1345.790780115538,77,0,1.0
6,Min Sum,Full-Contraction,1.0,899.3229555013679,55,0,1.0
6,Min Sum,Full-Contraction,1.0,899.3229555013679,55,0,1.0
6,Min Sum,Full-Contraction,1.0,1217.008732545826,64,0,1.0
6,Min Sum,Full-Contraction,1.0,1176.4602927211006,69,0,1.0
6,Min Sum,Full-Contraction,1.0,1023.3345472033855,61,0,1.0
6,Min Sum,Full-Contraction,1.0,1092.9971408438084,64,0,1.0
6,Min Sum,Full-Contraction,1.0,1176.4602927211006,69,0,1.0
6,Min Sum,Full-Contraction,1.0,1019.803902718557,64,0,1.0
6,Min Sum,Full-Contraction,1.0,1023.3345472033855,61,0,1.0
6,Min Sum,Full-Contraction,1.0,1217.008732545826,61,0,1.0
6,Min Sum,Full-Contraction,1.0,826.1297173761164,52,0,1.0
6,Min Sum,Full-Contraction,1.0,899.3229555013679,55,0,1.0
6,Min Sum,Full-Contraction,1.0,1271.4792619456694,64,0,1.0
6,Min Sum,Full-Contraction,1.0,1176.4602927211006,69,0,1.0
6,Min Sum,Full-Contraction,1.0,934.166020071207,52,0,1.0
6,Min Sum,Full-Contraction,1.0,1176.4602927211006,69,0,1.0
6,Min Sum,Full-Contraction,1.0,1370.134478063541,69,0,1.0
6,Min Sum,Full-Contraction,1.0,934.166020071207,52,0,1.0
6,Min Sum,Full-Contraction,1.0,1176.4602927211006,69,0,1.0
6,Min Sum,Full-Contraction,1.0,1019.803902718557,55,0,1.0
6,Min Sum,Full-Contraction,1.0,1019.803902718557,55,0,1.0
6,Min Sum,Full-Contraction,1.0,1370.134478063541,69,0,1.0
6,Min Sum,Full-Contraction,1.0,899.3229555013679,55,0,1.0
6,Min Sum,Full-Contraction,1.0,1019.803902718557,55,0,1.0
6,Min Sum,Full-Contraction,1.0,1019.803902718557,52,0,1.0
6,Min Sum,Full-Contraction,1.0,1019.803902718557,52,0,1.0
6,Min Sum,Full-Contraction,1.0,1271.4792619456694,64,0,1.0
6,Min Sum,Full-Contraction,1.0,1217.008732545826,61,0,1.0
6,Min Sum,Full-Contraction,1.0,1092.9971408438084,64,0,1.0
6,Min Sum,Full-Contraction,1.0,1217.008732545826,64,0,1.0
6,Min Sum,Full-Contraction,1.0,1019.803902718557,52,0,1.0
6,Min Sum,Full-Contraction,1.0,1092.9971408438084,55,0,1.0
6,Min Sum,Full-Contraction,1.0,1019.803902718557,52,0,1.0
6,Min Sum,Full-Contraction,1.0,899.3229555013679,55,0,1.0
6,Min Sum,Full-Contraction,1.0,1176.4602927211006,69,0,1.0
6,Min Sum,Full-Contraction,1.0,1176.4602927211006,69,0,1.0
6,Min Sum,Full-Contraction,1.0,1023.3345472033855,61,0,1.0
6,Min Sum,Full-Contraction,1.0,1217.008732545826,61,0,1.0
6,Min Sum,Full-Contraction,1.0,934.166020071207,52,0,1.0
6,Min Sum,Full-Contraction,1.0,1077.8050766032288,64,0,1.0
6,Min Sum,Full-Contraction,1.0,1023.3345472033855,61,0,1.0
6,Min Sum,Full-Contraction,1.0,1217.008732545826,61,0,1.0
6,Min Sum,Full-Contraction,1.0,1271.4792619456694,64,0,1.0
6,Min Sum,Full-Contraction,1.0,1282.23053965768,67,0,1.0
6,Min Sum,Full-Contraction,1.0,1120.8818301078745,62,0,1.0
6,Min Sum,Full-Contraction,1.0,1421.6676321223363,72,0,1.0
6,Min Sum,Full-Contraction,1.0,1262.4043340146868,70,0,1.0
6,Min Sum,Full-Contraction,1.0,1382.7030624941876,73,0,1.0
6,Min Sum,Full-Contraction,1.0,1390.6399089733682,70,0,1.0
6,Min Sum,Full-Contraction,1.0,1390.6399089733682,72,0,1.0
6,Min Sum,Full-Contraction,1.0,1193.9235768601438,62,0,1.0
6,Min Sum,Full-Contraction,1.0,1214.2298309920702,66,0,1.0
6,Min Sum,Full-Contraction,1.0,1182.719895846894,62,0,1.0
6,Min Sum,Full-Contraction,1.0,1415.0765731861984,74,0,1.0
6,Min Sum,Full-Contraction,1.0,1163.03510472731,62,0,1.0
6,Min Sum,Full-Contraction,1.0,1501.8105676881842,75,0,1.0
6,Min Sum,Full-Contraction,1.0,1163.03510472731,62,0,1.0
6,Min Sum,Full-Contraction,1.0,1382.7030624941876,73,0,1.0
6,Min Sum,Full-Contraction,1.0,1436.5752391434905,75,0,1.0
6,Min Sum,Full-Contraction,1.0,1159.7030203050845,63,0,1.0
6,Min Sum,Full-Contraction,1.0,1390.6399089733682,70,0,1.0
6,Min Sum,Full-Contraction,1.0,1382.7030624941876,70,0,1.0
6,Min Sum,Full-Contraction,1.0,1233.8915864981673,64,0,1.0
6,Min Sum,Full-Contraction,1.0,1214.2298309920702,66,0,1.0
6,Min Sum,Full-Contraction,1.0,1378.0824445688654,72,0,1.0
6,Min Sum,Full-Contraction,1.0,1000.0896658530721,55,0,1.0
6,Min Sum,Full-Contraction,1.0,1043.71762634255,60,0,1.0
6,Min Sum,Full-Contraction,1.0,1163.03510472731,62,0,1.0
6,Min Sum,Full-Contraction,1.0,921.2379785451216,62,0,1.0
6,Min Sum,Full-Contraction,1.0,1233.8915864981673,63,0,1.0
6,Min Sum,Full-Contraction,1.0,1120.8818301078745,62,0,1.0
6,Min Sum,Full-Contraction,1.0,1201.85629492452,63,0,1.0
6,Min Sum,Full-Contraction,1.0,1120.8818301078745,62,0,1.0
6,Min Sum,Full-Contraction,1.0,1233.8915864981673,64,0,1.0
6,Min Sum,Full-Contraction,1.0,1183.5397547133173,60,0,1.0
6,Min Sum,Full-Contraction,1.0,1262.4043340146868,64,0,1.0
6,Min Sum,Full-Contraction,1.0,1017.2848196605678,55,0,1.0
6,Min Sum,Full-Contraction,1.0,1415.0765731861984,74,0,1.0
6,Min Sum,Full-Contraction,1.0,1182.719895846894,62,0,1.0
6,Min Sum,Full-Contraction,1.0,1233.8915864981673,62,0,1.0
6,Min Sum,Full-Contraction,1.0,921.2379785451216,62,0,1.0
6,Min Sum,Full-Contraction,1.0,1562.7229978160917,81,0,1.0
6,Min Sum,Full-Contraction,1.0,1132.3680640620437,60,0,1.0
6,Min Sum,Full-Contraction,1.0,1182.719895846894,62,0,1.0
6,Min Sum,Full-Contraction,1.0,1382.7030624941876,73,0,1.0
6,Min Sum,Full-Contraction,1.0,1382.7030624941876,73,0,1.0
6,Min Sum,Full-Contraction,1.0,1182.719895846894,62,0,1.0
6,Min Sum,Full-Contraction,1.0,1374.6901387868388,69,0,1.0
6,Min Sum,Full-Contraction,1.0,1382.7030624941876,73,0,1.0
6,Min Sum,Full-Contraction,1.0,1382.7030624941876,70,0,1.0
6,Min Sum,Full-Contraction,1.0,1382.7030624941876,70,0,1.0
6,Min Sum,Full-Contraction,1.0,1193.9235768601438,61,0,1.0
6,Min Sum,Full-Contraction,1.0,1193.9235768601438,61,0,1.0
6,Min Sum,Full-Contraction,1.0,1201.85629492452,63,0,1.0
6,Min Sum,Full-Contraction,1.0,1390.6399089733682,70,0,1.0
6,Min Sum,Full-Contraction,1.0,1242.88093412342,70,0,1.0
6,Min Sum,Full-Contraction,1.0,1421.6676321223363,72,0,1.0
6,Min Sum,Full-Contraction,1.0,1382.7030624941876,70,0,1.0
6,Min Sum,Full-Contraction,1.0,1282.23053965768,67,0,1.0
6,Min Sum,Full-Contraction,1.0,921.2379785451216,62,0,1.0
6,Min Sum,Full-Contraction,1.0,1182.719895846894,62,0,1.0
6,Min Sum,Full-Contraction,1.0,1382.7030624941876,70,0,1.0
6,Min Sum,Full-Contraction,1.0,1183.5397547133173,60,0,1.0
6,Min Sum,Full-Contraction,1.0,1182.7198958468937,64,0,1.0
6,Min Sum,Full-Contraction,1.0,1233.8915864981673,63,0,1.0
6,Min Sum,Full-Contraction,1.0,1183.5397547133173,64,0,1.0
6,Min Sum,Full-Contraction,1.0,1132.3680640620437,60,0,1.0
6,Min Sum,Full-Contraction,1.0,1415.0765731861984,74,0,1.0
6,Min Sum,Full-Contraction,1.0,1015.4364141151879,52,0,1.0
6,Min Sum,Full-Contraction,1.0,1285.178459703634,69,0,1.0
6,Min Sum,Full-Contraction,1.0,988.4583771194592,56,0,1.0
6,Min Sum,Full-Contraction,1.0,1203.738640984964,61,0,1.0
6,Min Sum,Full-Contraction,1.0,913.2357090774753,52,0,1.0
6,Min Sum,Full-Contraction,1.0,1163.5749364715807,71,0,1.0
6,Min Sum,Full-Contraction,1.0,1320.7592200561267,78,0,1.0
6,Min Sum,Full-Contraction,1.0,1163.5749364715807,71,0,1.0
6,Min Sum,Full-Contraction,1.0,1267.835157123686,77,0,1.0
6,Min Sum,Full-Contraction,1.0,1163.5749364715807,71,0,1.0
6,Min Sum,Full-Contraction,1.0,1203.738640984964,61,0,1.0
6,Min Sum,Full-Contraction,1.0,1285.178459703634,69,0,1.0
6,Min Sum,Full-Contraction,1.0,1122.3545042104531,57,0,1.0
6,Min Sum,Full-Contraction,1.0,1285.178459703634,69,0,1.0
6,Min Sum,Full-Contraction,1.0,913.2357090774753,52,0,1.0
6,Min Sum,Full-Contraction,1.0,1446.120400863609,84,0,1.0
6,Min Sum,Full-Contraction,1.0,1191.5030982425064,66,0,1.0
6,Min Sum,Full-Contraction,1.0,1285.178459703634,71,0,1.0
6,Min Sum,Full-Contraction,1.0,913.2357090774753,56,0,1.0
6,Min Sum,Full-Contraction,1.0,841.0515403909274,50,0,1.0
6,Min Sum,Full-Contraction,1.0,1267.835157123686,77,0,1.0
6,Min Sum,Full-Contraction,1.0,1320.7592200561267,78,0,1.0
6,Min Sum,Full-Contraction,1.0,1015.4364141151879,57,0,1.0
6,Min Sum,Full-Contraction,1.0,1015.4364141151879,57,0,1.0
6,Min Sum,Full-Contraction,1.0,1285.178459703634,66,0,1.0
6,Min Sum,Full-Contraction,1.0,1163.5749364715807,71,0,1.0
6,Min Sum,Full-Contraction,1.0,1203.738640984964,61,0,1.0
6,Min Sum,Full-Contraction,1.0,1285.178459703634,69,0,1.0
6,Min Sum,Full-Contraction,1.0,1203.738640984964,71,0,1.0
6,Min Sum,Full-Contraction,1.0,1285.178459703634,65,0,1.0
6,Min Sum,Full-Contraction,1.0,1203.738640984964,61,0,1.0
6,Min Sum,Full-Contraction,1.0,1199.7651303627827,66,0,1.0
6,Min Sum,Full-Contraction,1.0,974.3848737242606,50,0,1.0
6,Min Sum,Full-Contraction,1.0,1015.4364141151879,57,0,1.0
6,Min Sum,Full-Contraction,1.0,1021.8535147176545,66,0,1.0
6,Min Sum,Full-Contraction,1.0,1255.3967929896867,71,0,1.0
6,Min Sum,Full-Contraction,1.0,974.3848737242606,52,0,1.0
6,Min Sum,Full-Contraction,1.0,1122.3545042104531,71,0,1.0
6,Min Sum,Full-Contraction,1.0,1044.1269193127068,65,0,1.0
6,Min Sum,Full-Contraction,1.0,974.3848737242606,52,0,1.0
6,Min Sum,Full-Contraction,1.0,1163.5749364715807,71,0,1.0
6,Min Sum,Full-Contraction,1.0,913.2357090774753,52,0,1.0
6,Min Sum,Full-Contraction,1.0,913.2357090774753,52,0,1.0
6,Min Sum,Full-Contraction,1.0,1163.5749364715807,72,0,1.0
6,Min Sum,Full-Contraction,1.0,974.3848737242606,55,0,1.0
6,Min Sum,Full-Contraction,1.0,913.2357090774753,52,0,1.0
6,Min Sum,Full-Contraction,1.0,913.2357090774753,56,0,1.0
6,Min Sum,Full-Contraction,1.0,814.5108532203864,56,0,1.0
6,Min Sum,Full-Contraction,1.0,1054.09255338946,68,0,1.0
6,Min Sum,Full-Contraction,1.0,1013.5914825973783,66,0,1.0
6,Min Sum,Full-Contraction,1.0,1255.3967929896867,69,0,1.0
6,Min Sum,Full-Contraction,1.0,1044.1269193127068,65,0,1.0
6,Min Sum,Full-Contraction,1.0,974.3848737242606,52,0,1.0
6,Min Sum,Full-Contraction,1.0,988.4583771194592,56,0,1.0
6,Min Sum,Full-Contraction,1.0,841.0515403909274,50,0,1.0
6,Min Sum,Full-Contraction,1.0,1015.4364141151879,52,0,1.0
6,Min Sum,Full-Contraction,1.0,1199.7651303627827,71,0,1.0
6,Min Sum,Full-Contraction,1.0,1164.3087271773343,71,0,1.0
6,Min Sum,Full-Contraction,1.0,1203.738640984964,61,0,1.0
6,Min Sum,Full-Contraction,1.0,1013.5914825973783,66,0,1.0
6,Min Sum,Full-Contraction,1.0,974.3848737242606,50,0,1.0
6,Min Sum,Full-Contraction,1.0,1203.738640984964,65,0,1.0
6,Min Sum,Full-Contraction,1.0,970.935460743984,64,0,1.0
6,Min Sum,Full-Contraction,1.0,1075.1054690554865,66,0,1.0
6,Min Sum,Full-Contraction,1.0,1203.738640984964,61,0,1.0
6,Min Sum,Full-Contraction,1.0,1248.529563190711,63,0,1.0
6,Min Sum,Full-Contraction,1.0,1116.3435233702457,63,0,1.0
6,Min Sum,Full-Contraction,1.0,1292.7860465162012,65,0,1.0
6,Min Sum,Full-Contraction,1.0,1244.5449753865357,63,0,1.0
6,Min Sum,Full-Contraction,1.0,1230.0577674230658,63,0,1.0
6,Min Sum,Full-Contraction,1.0,1120.619548326851,66,0,1.0
6,Min Sum,Full-Contraction,1.0,1308.6580047167197,75,0,1.0
6,Min Sum,Full-Contraction,1.0,1120.619548326851,66,0,1.0
6,Min Sum,Full-Contraction,1.0,1215.8637237728265,70,0,1.0
6,Min Sum,Full-Contraction,1.0,1120.619548326851,66,0,1.0
6,Min Sum,Full-Contraction,1.0,1405.0409535882904,70,0,1.0
6,Min Sum,Full-Contraction,1.0,1116.3435233702457,63,0,1.0
6,Min Sum,Full-Contraction,1.0,1397.497742038273,70,0,1.0
6,Min Sum,Full-Contraction,1.0,1068.415370432354,63,0,1.0
6,Min Sum,Full-Contraction,1.0,1230.0577674230658,63,0,1.0
6,Min Sum,Full-Contraction,1.0,1387.1206050111095,78,0,1.0
6,Min Sum,Full-Contraction,1.0,1257.592600247818,63,0,1.0
6,Min Sum,Full-Contraction,1.0,1296.7491532810327,66,0,1.0
6,Min Sum,Full-Contraction,1.0,1230.0577674230658,62,0,1.0
6,Min Sum,Full-Contraction,1.0,1118.3977024526657,57,0,1.0
6,Min Sum,Full-Contraction,1.0,1215.8637237728265,70,0,1.0
6,Min Sum,Full-Contraction,1.0,1308.6580047167197,75,0,1.0
6,Min Sum,Full-Contraction,1.0,1060.0998430786576,54,0,1.0
6,Min Sum,Full-Contraction,1.0,1034.9449797506682,54,0,1.0
6,Min Sum,Full-Contraction,1.0,1116.3435233702457,63,0,1.0
6,Min Sum,Full-Contraction,1.0,1120.619548326851,66,0,1.0
6,Min Sum,Full-Contraction,1.0,1257.592600247818,63,0,1.0
6,Min Sum,Full-Contraction,1.0,1068.415370432354,63,0,1.0
6,Min Sum,Full-Contraction,1.0,1257.592600247818,66,0,1.0
6,Min Sum,Full-Contraction,1.0,1068.415370432354,63,0,1.0
6,Min Sum,Full-Contraction,1.0,1257.592600247818,63,0,1.0
6,Min Sum,Full-Contraction,1.0,1008.8497300281037,52,0,1.0
6,Min Sum,Full-Contraction,1.0,1034.9449797506682,57,0,1.0
6,Min Sum,Full-Contraction,1.0,965.9266247777911,54,0,1.0
6,Min Sum,Full-Contraction,1.0,1405.0409535882904,70,0,1.0
6,Min Sum,Full-Contraction,1.0,1120.619548326851,66,0,1.0
6,Min Sum,Full-Contraction,1.0,1034.9449797506682,57,0,1.0
6,Min Sum,Full-Contraction,1.0,1120.619548326851,66,0,1.0
6,Min Sum,Full-Contraction,1.0,1531.2662449250374,76,0,1.0
6,Min Sum,Full-Contraction,1.0,1129.391148231528,57,0,1.0
6,Min Sum,Full-Contraction,1.0,1120.619548326851,66,0,1.0
6,Min Sum,Full-Contraction,1.0,1230.0577674230658,63,0,1.0
6,Min Sum,Full-Contraction,1.0,1230.0577674230658,63,0,1.0
6,Min Sum,Full-Contraction,1.0,1235.4819383294289,66,0,1.0
6,Min Sum,Full-Contraction,1.0,1118.3977024526657,60,0,1.0
6,Min Sum,Full-Contraction,1.0,1230.0577674230658,63,0,1.0
6,Min Sum,Full-Contraction,1.0,1230.0577674230658,62,0,1.0
6,Min Sum,Full-Contraction,1.0,1230.0577674230658,62,0,1.0
6,Min Sum,Full-Contraction,1.0,1021.897354889386,56,0,1.0
6,Min Sum,Full-Contraction,1.0,1021.897354889386,52,0,1.0
6,Min Sum,Full-Contraction,1.0,1257.592600247818,63,0,1.0
6,Min Sum,Full-Contraction,1.0,1220.6399268663004,63,0,1.0
6,Min Sum,Full-Contraction,1.0,1230.0577674230658,62,0,1.0
6,Min Sum,Full-Contraction,1.0,1292.7860465162012,65,0,1.0
6,Min Sum,Full-Contraction,1.0,1230.0577674230658,62,0,1.0
6,Min Sum,Full-Contraction,1.0,1060.0998430786576,63,0,1.0
6,Min Sum,Full-Contraction,1.0,1120.619548326851,66,0,1.0
6,Min Sum,Full-Contraction,1.0,1120.619548326851,66,0,1.0
6,Min Sum,Full-Contraction,1.0,1129.391148231528,63,0,1.0
6,Min Sum,Full-Contraction,1.0,1034.9449797506682,52,0,1.0
6,Min Sum,Full-Contraction,1.0,1129.391148231528,57,0,1.0
6,Min Sum,Full-Contraction,1.0,1118.3977024526657,63,0,1.0
6,Min Sum,Full-Contraction,1.0,940.213918416064,57,0,1.0
6,Min Sum,Full-Contraction,1.0,1129.391148231528,57,0,1.0
6,Min Sum,Full-Contraction,1.0,1405.0409535882904,70,0,1.0
6,Min Sum,Full-Contraction,1.0,1140.3124237432849,58,0,1.0
6,Min Sum,Full-Contraction,1.0,1618.033988749895,81,0,1.0
6,Min Sum,Full-Contraction,1.0,1170.8203932499368,66,0,1.0
6,Min Sum,Full-Contraction,1.0,1140.3124237432849,58,0,1.0
6,Min Sum,Full-Contraction,1.0,863.9192214932639,58,0,1.0
6,Min Sum,Full-Contraction,1.0,1170.8203932499368,73,0,1.0
6,Min Sum,Full-Contraction,1.0,1563.014581273465,79,0,1.0
6,Min Sum,Full-Contraction,1.0,1170.8203932499368,73,0,1.0
6,Min Sum,Full-Contraction,1.0,1354.4003745317532,81,0,1.0
6,Min Sum,Full-Contraction,1.0,1443.3981132056604,73,0,1.0
6,Min Sum,Full-Contraction,1.0,1000.0,52,0,1.0
6,Min Sum,Full-Contraction,1.0,1618.033988749895,81,0,1.0
6,Min Sum,Full-Contraction,1.0,860.5551275463989,52,0,1.0
6,Min Sum,Full-Contraction,1.0,1618.033988749895,81,0,1.0
6,Min Sum,Full-Contraction,1.0,1038.5164807134504,60,0,1.0
6,Min Sum,Full-Contraction,1.0,1444.2623593233493,86,0,1.0
6,Min Sum,Full-Contraction,1.0,1354.4003745317532,76,0,1.0
6,Min Sum,Full-Contraction,1.0,1281.0249675906655,73,0,1.0
6,Min Sum,Full-Contraction,1.0,1038.5164807134504,66,0,1.0
6,Min Sum,Full-Contraction,1.0,1000.0,52,0,1.0
6,Min Sum,Full-Contraction,1.0,1354.4003745317532,81,0,1.0
6,Min Sum,Full-Contraction,1.0,1563.014581273465,79,0,1.0
6,Min Sum,Full-Contraction,1.0,1140.3124237432849,60,0,1.0
6,Min Sum,Full-Contraction,1.0,1140.3124237432849,60,0,1.0
6,Min Sum,Full-Contraction,1.0,1306.2257748298548,78,0,1.0
6,Min Sum,Full-Contraction,1.0,1443.3981132056604,76,0,1.0
6,Min Sum,Full-Contraction,1.0,1140.3124237432849,58,0,1.0
6,Min Sum,Full-Contraction,1.0,1354.4003745317532,81,0,1.0
6,Min Sum,Full-Contraction,1.0,1170.8203932499368,73,0,1.0
6,Min Sum,Full-Contraction,1.0,1443.3981132056604,73,0,1.0
6,Min Sum,Full-Contraction,1.0,1140.3124237432849,58,0,1.0
6,Min Sum,Full-Contraction,1.0,1306.2257748298548,78,0,1.0
6,Min Sum,Full-Contraction,1.0,1000.0,52,0,1.0
6,Min Sum,Full-Contraction,1.0,1140.3124237432849,60,0,1.0
6,Min Sum,Full-Contraction,1.0,1306.2257748298548,78,0,1.0
6,Min Sum,Full-Contraction,1.0,1354.4003745317532,81,0,1.0
6,Min Sum,Full-Contraction,1.0,1038.5164807134504,53,0,1.0
6,Min Sum,Full-Contraction,1.0,1443.3981132056604,78,0,1.0
6,Min Sum,Full-Contraction,1.0,1029.8325725798338,66,0,1.0
6,Min Sum,Full-Contraction,1.0,1281.0249675906655,65,0,1.0
6,Min Sum,Full-Contraction,1.0,1443.3981132056604,73,0,1.0
6,Min Sum,Full-Contraction,1.0,1281.0249675906655,65,0,1.0
6,Min Sum,Full-Contraction,1.0,1281.0249675906655,65,0,1.0
6,Min Sum,Full-Contraction,1.0,1443.3981132056604,78,0,1.0
6,Min Sum,Full-Contraction,1.0,1200.0,61,0,1.0
6,Min Sum,Full-Contraction,1.0,1038.5164807134504,60,0,1.0
6,Min Sum,Full-Contraction,1.0,1029.8325725798338,66,0,1.0
6,Min Sum,Full-Contraction,1.0,1029.8325725798338,66,0,1.0
6,Min Sum,Full-Contraction,1.0,1228.594359862068,76,0,1.0
6,Min Sum,Full-Contraction,1.0,1354.4003745317532,76,0,1.0
6,Min Sum,Full-Contraction,1.0,1354.4003745317532,81,0,1.0
6,Min Sum,Full-Contraction,1.0,1081.0249675906655,69,0,1.0
6,Min Sum,Full-Contraction,1.0,860.5551275463989,52,0,1.0
6,Min Sum,Full-Contraction,1.0,1170.8203932499368,66,0,1.0
6,Min Sum,Full-Contraction,1.0,860.5551275463989,52,0,1.0
6,Min Sum,Full-Contraction,1.0,1038.5164807134504,53,0,1.0
6,Min Sum,Full-Contraction,1.0,1443.3981132056604,78,0,1.0
6,Min Sum,Full-Contraction,1.0,1354.4003745317532,76,0,1.0
6,Min Sum,Full-Contraction,1.0,1140.3124237432849,58,0,1.0
6,Min Sum,Full-Contraction,1.0,1228.594359862068,76,0,1.0
6,Min Sum,Full-Contraction,1.0,1140.3124237432849,58,0,1.0
6,Min Sum,Full-Contraction,1.0,1140.3124237432849,65,0,1.0
6,Min Sum,Full-Contraction,1.0,1078.007172281732,69,0,1.0
6,Min Sum,Full-Contraction,1.0,1443.3981132056604,78,0,1.0
6,Min Sum,Full-Contraction,1.0,860.5551275463989,52,0,1.0
6,Min Sum,Full-Contraction,1.0,1106.744217641228,58,0,1.0
6,Min Sum,Full-Contraction,1.0,1411.1964865110835,73,0,1.0
6,Min Sum,Full-Contraction,1.0,1189.4264950756321,60,0,1.0
6,Min Sum,Full-Contraction,1.0,1378.1692213733945,69,0,1.0
6,Min Sum,Full-Contraction,1.0,853.7498983243801,46,0,1.0
6,Min Sum,Full-Contraction,1.0,1564.8191519148133,78,0,1.0
6,Min Sum,Full-Contraction,1.0,1729.2686717319123,86,0,1.0
6,Min Sum,Full-Contraction,1.0,1564.8191519148133,78,0,1.0
6,Min Sum,Full-Contraction,1.0,1697.0562748477141,84,0,1.0
6,Min Sum,Full-Contraction,1.0,1564.8191519148133,78,0,1.0
6,Min Sum,Full-Contraction,1.0,1303.7380450265837,68,0,1.0
6,Min Sum,Full-Contraction,1.0,1411.1964865110835,73,0,1.0
6,Min Sum,Full-Contraction,1.0,1172.2309416621201,61,0,1.0
6,Min Sum,Full-Contraction,1.0,1455.726058139925,73,0,1.0
6,Min Sum,Full-Contraction,1.0,853.7498983243801,48,0,1.0
6,Min Sum,Full-Contraction,1.0,1845.7730626635853,91,0,1.0
6,Min Sum,Full-Contraction,1.0,1378.1692213733945,69,0,1.0
6,Min Sum,Full-Contraction,1.0,1564.8191519148133,78,0,1.0
6,Min Sum,Full-Contraction,1.0,1189.4264950756321,60,0,1.0
6,Min Sum,Full-Contraction,1.0,1096.8666572369161,58,0,1.0
6,Min Sum,Full-Contraction,1.0,1697.0562748477141,84,0,1.0
6,Min Sum,Full-Contraction,1.0,1729.2686717319123,86,0,1.0
6,Min Sum,Full-Contraction,1.0,1285.1748951732786,65,0,1.0
6,Min Sum,Full-Contraction,1.0,1285.1748951732786,65,0,1.0
6,Min Sum,Full-Contraction,1.0,1455.726058139925,73,0,1.0
6,Min Sum,Full-Contraction,1.0,1564.8191519148133,78,0,1.0
6,Min Sum,Full-Contraction,1.0,1378.1692213733945,69,0,1.0
6,Min Sum,Full-Contraction,1.0,1455.726058139925,73,0,1.0
6,Min Sum,Full-Contraction,1.0,1564.8191519148133,78,0,1.0
6,Min Sum,Full-Contraction,1.0,1455.726058139925,73,0,1.0
6,Min Sum,Full-Contraction,1.0,1378.1692213733945,69,0,1.0
6,Min Sum,Full-Contraction,1.0,1340.6315081513849,67,0,1.0
6,Min Sum,Full-Contraction,1.0,1096.8666572369161,58,0,1.0
6,Min Sum,Full-Contraction,1.0,1285.1748951732786,65,0,1.0
6,Min Sum,Full-Contraction,1.0,1340.6315081513849,68,0,1.0
6,Min Sum,Full-Contraction,1.0,1564.8191519148133,78,0,1.0
6,Min Sum,Full-Contraction,1.0,1189.4264950756324,60,0,1.0
6,Min Sum,Full-Contraction,1.0,1564.8191519148133,78,0,1.0
6,Min Sum,Full-Contraction,1.0,1355.4341676411314,70,0,1.0
6,Min Sum,Full-Contraction,1.0,1096.8666572369161,58,0,1.0
6,Min Sum,Full-Contraction,1.0,1564.8191519148133,78,0,1.0
6,Min Sum,Full-Contraction,1.0,956.7451800763995,49,0,1.0
6,Min Sum,Full-Contraction,1.0,853.7498983243801,49,0,1.0
6,Min Sum,Full-Contraction,1.0,1564.8191519148133,78,0,1.0
6,Min Sum,Full-Contraction,1.0,1096.8666572369161,58,0,1.0
6,Min Sum,Full-Contraction,1.0,853.7498983243801,48,0,1.0
6,Min Sum,Full-Contraction,1.0,1189.4264950756321,60,0,1.0
6,Min Sum,Full-Contraction,1.0,1189.4264950756321,60,0,1.0
6,Min Sum,Full-Contraction,1.0,1455.726058139925,73,0,1.0
6,Min Sum,Full-Contraction,1.0,1378.1692213733945,69,0,1.0
6,Min Sum,Full-Contraction,1.0,1348.2676166554252,69,0,1.0
6,Min Sum,Full-Contraction,1.0,1455.726058139925,73,0,1.0
6,Min Sum,Full-Contraction,1.0,1189.4264950756324,60,0,1.0
6,Min Sum,Full-Contraction,1.0,1189.4264950756321,60,0,1.0
6,Min Sum,Full-Contraction,1.0,1096.8666572369161,58,0,1.0
6,Min Sum,Full-Contraction,1.0,1189.4264950756324,60,0,1.0
6,Min Sum,Full-Contraction,1.0,1564.8191519148133,78,0,1.0
6,Min Sum,Full-Contraction,1.0,1564.8191519148133,78,0,1.0
6,Min Sum,Full-Contraction,1.0,1378.1692213733945,69,0,1.0
6,Min Sum,Full-Contraction,1.0,1378.1692213733945,69,0,1.0
6,Min Sum,Full-Contraction,1.0,1096.8666572369161,58,0,1.0
6,Min Sum,Full-Contraction,1.0,1455.726058139925,73,0,1.0
6,Min Sum,Full-Contraction,1.0,1414.213562373095,71,0,1.0
6,Min Sum,Full-Contraction,1.0,1189.4264950756321,67,0,1.0
6,Min Sum,Full-Contraction,1.0,1303.7380450265837,68,0,1.0
6,Min Sum,Full-Contraction,1.0,1235.4819383294289,67,0,1.0
6,Min Sum,Full-Contraction,1.0,1341.0453229498153,67,0,1.0
6,Min Sum,Full-Contraction,1.0,1279.738421654919,69,0,1.0
6,Min Sum,Full-Contraction,1.0,1341.0453229498153,67,0,1.0
6,Min Sum,Full-Contraction,1.0,1217.0101425617836,67,0,1.0
6,Min Sum,Full-Contraction,1.0,1393.2495008443123,70,0,1.0
6,Min Sum,Full-Contraction,1.0,1581.287957234181,79,0,1.0
6,Min Sum,Full-Contraction,1.0,1393.2495008443123,70,0,1.0
6,Min Sum,Full-Contraction,1.0,1488.493676290288,74,0,1.0
6,Min Sum,Full-Contraction,1.0,1143.5525657806552,70,0,1.0
6,Min Sum,Full-Contraction,1.0,1391.9933287270082,74,0,1.0
6,Min Sum,Full-Contraction,1.0,1341.0453229498153,67,0,1.0
6,Min Sum,Full-Contraction,1.0,1384.4501171769907,74,0,1.0
6,Min Sum,Full-Contraction,1.0,1341.0453229498153,67,0,1.0
6,Min Sum,Full-Contraction,1.0,1217.0101425617836,67,0,1.0
6,Min Sum,Full-Contraction,1.0,1659.7505575285709,82,0,1.0
6,Min Sum,Full-Contraction,1.0,1341.0453229498153,67,0,1.0
6,Min Sum,Full-Contraction,1.0,1341.0453229498153,70,0,1.0
6,Min Sum,Full-Contraction,1.0,1217.0101425617836,66,0,1.0
6,Min Sum,Full-Contraction,1.0,1105.3500775913835,61,0,1.0
6,Min Sum,Full-Contraction,1.0,1488.493676290288,74,0,1.0
6,Min Sum,Full-Contraction,1.0,1581.287957234181,79,0,1.0
6,Min Sum,Full-Contraction,1.0,1143.5525657806552,58,0,1.0
6,Min Sum,Full-Contraction,1.0,1143.5525657806552,58,0,1.0
6,Min Sum,Full-Contraction,1.0,1341.0453229498153,67,0,1.0
6,Min Sum,Full-Contraction,1.0,1393.2495008443123,70,0,1.0
6,Min Sum,Full-Contraction,1.0,1341.0453229498153,67,0,1.0
6,Min Sum,Full-Contraction,1.0,1341.0453229498153,67,0,1.0
6,Min Sum,Full-Contraction,1.0,1341.0453229498153,70,0,1.0
6,Min Sum,Full-Contraction,1.0,1341.0453229498153,67,0,1.0
6,Min Sum,Full-Contraction,1.0,1341.0453229498153,67,0,1.0
6,Min Sum,Full-Contraction,1.0,1105.3500775913835,56,0,1.0
6,Min Sum,Full-Contraction,1.0,1021.897354889386,61,0,1.0
6,Min Sum,Full-Contraction,1.0,1143.5525657806552,58,0,1.0
6,Min Sum,Full-Contraction,1.0,1391.9933287270082,74,0,1.0
6,Min Sum,Full-Contraction,1.0,1393.2495008443123,70,0,1.0
6,Min Sum,Full-Contraction,1.0,1143.5525657806552,61,0,1.0
6,Min Sum,Full-Contraction,1.0,1393.2495008443123,70,0,1.0
6,Min Sum,Full-Contraction,1.0,1518.2186200637552,80,0,1.0
6,Min Sum,Full-Contraction,1.0,1116.3435233702457,61,0,1.0
6,Min Sum,Full-Contraction,1.0,1393.2495008443123,70,0,1.0
6,Min Sum,Full-Contraction,1.0,1217.0101425617836,67,0,1.0
6,Min Sum,Full-Contraction,1.0,1217.0101425617836,67,0,1.0
6,Min Sum,Full-Contraction,1.0,1393.2495008443123,70,0,1.0
6,Min Sum,Full-Contraction,1.0,1212.8438709335255,64,0,1.0
6,Min Sum,Full-Contraction,1.0,1217.0101425617836,67,0,1.0
6,Min Sum,Full-Contraction,1.0,1217.0101425617836,66,0,1.0
6,Min Sum,Full-Contraction,1.0,1217.0101425617836,66,0,1.0
6,Min Sum,Full-Contraction,1.0,1201.850425154663,60,0,1.0
6,Min Sum,Full-Contraction,1.0,1118.3977024526657,56,0,1.0
6,Min Sum,Full-Contraction,1.0,1341.0453229498153,67,0,1.0
6,Min Sum,Full-Contraction,1.0,1341.0453229498153,67,0,1.0
6,Min Sum,Full-Contraction,1.0,1217.0101425617836,66,0,1.0
6,Min Sum,Full-Contraction,1.0,1279.738421654919,69,0,1.0
6,Min Sum,Full-Contraction,1.0,1217.0101425617836,66,0,1.0
6,Min Sum,Full-Contraction,1.0,1235.4819383294289,67,0,1.0
6,Min Sum,Full-Contraction,1.0,1393.2495008443123,70,0,1.0
6,Min Sum,Full-Contraction,1.0,1143.5525657806552,70,0,1.0
6,Min Sum,Full-Contraction,1.0,1341.0453229498153,67,0,1.0
6,Min Sum,Full-Contraction,1.0,1118.3977024526657,56,0,1.0
6,Min Sum,Full-Contraction,1.0,1212.8438709335255,61,0,1.0
6,Min Sum,Full-Contraction,1.0,1341.0453229498153,67,0,1.0
6,Min Sum,Full-Contraction,1.0,1212.8438709335255,61,0,1.0
6,Min Sum,Full-Contraction,1.0,1143.5525657806552,61,0,1.0
6,Min Sum,Full-Contraction,1.0,1391.9933287270082,74,0,1.0
6,Min Sum,Full-Contraction,1.0,1271.2268172725994,77,0,1.0
6,Min Sum,Full-Contraction,1.0,1310.6567310802293,66,0,1.0
6,Min Sum,Full-Contraction,1.0,1649.5812769035276,82,0,1.0
6,Min Sum,Full-Contraction,1.0,1392.0965497988993,81,0,1.0
6,Min Sum,Full-Contraction,1.0,1616.8560557110532,83,0,1.0
6,Min Sum,Full-Contraction,1.0,1342.1830633614372,81,0,1.0
6,Min Sum,Full-Contraction,1.0,1481.302963819526,81,0,1.0
6,Min Sum,Full-Contraction,1.0,1281.302963819526,71,0,1.0
6,Min Sum,Full-Contraction,1.0,1144.368337373096,71,0,1.0
6,Min Sum,Full-Contraction,1.0,1000.0000000000001,65,0,1.0
6,Min Sum,Full-Contraction,1.0,1656.00292060708,82,0,1.0
6,Min Sum,Full-Contraction,1.0,1029.3537672607035,66,0,1.0
6,Min Sum,Full-Contraction,1.0,1718.1659876359824,85,0,1.0
6,Min Sum,Full-Contraction,1.0,1310.6567310802293,66,0,1.0
6,Min Sum,Full-Contraction,1.0,1616.8560557110532,83,0,1.0
6,Min Sum,Full-Contraction,1.0,1504.080568094615,75,0,1.0
6,Min Sum,Full-Contraction,1.0,1392.0965497988993,70,0,1.0
6,Min Sum,Full-Contraction,1.0,1623.486027180963,81,0,1.0
6,Min Sum,Full-Contraction,1.0,1616.8560557110532,81,0,1.0
6,Min Sum,Full-Contraction,1.0,1457.910339864427,74,0,1.0
6,Min Sum,Full-Contraction,1.0,1310.6567310802293,71,0,1.0
6,Min Sum,Full-Contraction,1.0,1481.302963819526,74,0,1.0
6,Min Sum,Full-Contraction,1.0,1122.3545042104531,64,0,1.0
6,Min Sum,Full-Contraction,1.0,1229.2725943057185,71,0,1.0
6,Min Sum,Full-Contraction,1.0,1310.6567310802293,66,0,1.0
6,Min Sum,Full-Contraction,1.0,1122.3545042104531,65,0,1.0
6,Min Sum,Full-Contraction,1.0,1392.0965497988993,73,0,1.0
6,Min Sum,Full-Contraction,1.0,1095.3764672147245,66,0,1.0
6,Min Sum,Full-Contraction,1.0,1144.368337373096,71,0,1.0
6,Min Sum,Full-Contraction,1.0,1229.2725943057185,66,0,1.0
6,Min Sum,Full-Contraction,1.0,1392.0965497988993,74,0,1.0
6,Min Sum,Full-Contraction,1.0,1417.4092690723455,71,0,1.0
6,Min Sum,Full-Contraction,1.0,1417.4092690723455,74,0,1.0
6,Min Sum,Full-Contraction,1.0,1122.3545042104531,64,0,1.0
6,Min Sum,Full-Contraction,1.0,1656.00292060708,82,0,1.0
6,Min Sum,Full-Contraction,1.0,1095.3764672147245,65,0,1.0
6,Min Sum,Full-Contraction,1.0,1457.910339864427,73,0,1.0
6,Min Sum,Full-Contraction,1.0,1122.3545042104531,65,0,1.0
6,Min Sum,Full-Contraction,1.0,1816.4867223075223,90,0,1.0
6,Min Sum,Full-Contraction,1.0,1095.3764672147245,69,0,1.0
6,Min Sum,Full-Contraction,1.0,1281.302963819526,65,0,1.0
6,Min Sum,Full-Contraction,1.0,1616.8560557110532,83,0,1.0
6,Min Sum,Full-Contraction,1.0,1616.8560557110532,83,0,1.0
6,Min Sum,Full-Contraction,1.0,1425.6713011926217,71,0,1.0
6,Min Sum,Full-Contraction,1.0,1457.910339864427,79,0,1.0
6,Min Sum,Full-Contraction,1.0,1616.8560557110532,83,0,1.0
6,Min Sum,Full-Contraction,1.0,1616.8560557110532,81,0,1.0
6,Min Sum,Full-Contraction,1.0,1616.8560557110532,81,0,1.0
6,Min Sum,Full-Contraction,1.0,1425.6713011926217,71,0,1.0
6,Min Sum,Full-Contraction,1.0,1425.6713011926217,71,0,1.0
6,Min Sum,Full-Contraction,1.0,1392.0965497988993,70,0,1.0
6,Min Sum,Full-Contraction,1.0,1623.486027180963,81,0,1.0
6,Min Sum,Full-Contraction,1.0,1616.8560557110532,81,0,1.0
6,Min Sum,Full-Contraction,1.0,1649.5812769035276,82,0,1.0
6,Min Sum,Full-Contraction,1.0,1616.8560557110532,81,0,1.0
6,Min Sum,Full-Contraction,1.0,1229.2725943057185,77,0,1.0
6,Min Sum,Full-Contraction,1.0,1122.3545042104531,65,0,1.0
6,Min Sum,Full-Contraction,1.0,1281.302963819526,65,0,1.0
6,Min Sum,Full-Contraction,1.0,1457.910339864427,81,0,1.0
6,Min Sum,Full-Contraction,1.0,1417.4092690723455,71,0,1.0
6,Min Sum,Full-Contraction,1.0,1374.7532472189514,74,0,1.0
6,Min Sum,Full-Contraction,1.0,1425.6713011926217,73,0,1.0
6,Min Sum,Full-Contraction,1.0,1200.0,74,0,1.0
6,Min Sum,Full-Contraction,1.0,1374.7532472189514,69,0,1.0
6,Min Sum,Full-Contraction,1.0,1656.00292060708,82,0,1.0
6,Min Sum,Full-Contraction,1.0,1195.4583913123447,65,0,1.0
6,Min Sum,Full-Contraction,1.0,1520.6529136650288,78,0,1.0
6,Min Sum,Full-Contraction,1.0,1162.757653988404,62,0,1.0
6,Min Sum,Full-Contraction,1.0,1106.369910180185,65,0,1.0
6,Min Sum,Full-Contraction,1.0,1188.6940514040368,71,0,1.0
6,Min Sum,Full-Contraction,1.0,1004.8354460755403,66,0,1.0
6,Min Sum,Full-Contraction,1.0,1188.694051404037,73,0,1.0
6,Min Sum,Full-Contraction,1.0,816.9433514846298,66,0,1.0
6,Min Sum,Full-Contraction,1.0,1166.460273714798,74,0,1.0
6,Min Sum,Full-Contraction,1.0,1261.2153099803206,66,0,1.0
6,Min Sum,Full-Contraction,1.0,907.1047517277759,65,0,1.0
6,Min Sum,Full-Contraction,1.0,1520.6529136650288,78,0,1.0
6,Min Sum,Full-Contraction,1.0,963.4939459805541,65,0,1.0
6,Min Sum,Full-Contraction,1.0,1520.6529136650288,78,0,1.0
6,Min Sum,Full-Contraction,1.0,1188.6940514040368,71,0,1.0
6,Min Sum,Full-Contraction,1.0,1287.1744885999865,80,0,1.0
6,Min Sum,Full-Contraction,1.0,1339.6036127553725,69,0,1.0
6,Min Sum,Full-Contraction,1.0,915.5068782381039,66,0,1.0
6,Min Sum,Full-Contraction,1.0,1188.6940514040368,62,0,1.0
6,Min Sum,Full-Contraction,1.0,963.4939459805541,65,0,1.0
6,Min Sum,Full-Contraction,1.0,1171.800686499504,74,0,1.0
6,Min Sum,Full-Contraction,1.0,1188.694051404037,73,0,1.0
6,Min Sum,Full-Contraction,1.0,814.4009044194524,62,0,1.0
6,Min Sum,Full-Contraction,1.0,1195.4583913123447,62,0,1.0
6,Min Sum,Full-Contraction,1.0,1410.2538139999224,72,0,1.0
6,Min Sum,Full-Contraction,1.0,1339.6036127553725,71,0,1.0
6,Min Sum,Full-Contraction,1.0,1195.4583913123447,62,0,1.0
6,Min Sum,Full-Contraction,1.0,1520.6529136650288,78,0,1.0
6,Min Sum,Full-Contraction,1.0,1106.369910180185,66,0,1.0
6,Min Sum,Full-Contraction,1.0,1375.7547778415847,71,0,1.0
6,Min Sum,Full-Contraction,1.0,1106.369910180185,65,0,1.0
6,Min Sum,Full-Contraction,1.0,1410.2538139999224,72,0,1.0
6,Min Sum,Full-Contraction,1.0,915.5068782381039,65,0,1.0
6,Min Sum,Full-Contraction,1.0,1195.4583913123447,62,0,1.0
6,Min Sum,Full-Contraction,1.0,1410.2538139999224,72,0,1.0
6,Min Sum,Full-Contraction,1.0,1520.6529136650288,78,0,1.0
6,Min Sum,Full-Contraction,1.0,1195.4583913123447,62,0,1.0
6,Min Sum,Full-Contraction,1.0,1410.2538139999224,72,0,1.0
6,Min Sum,Full-Contraction,1.0,1323.295549418614,66,0,1.0
6,Min Sum,Full-Contraction,1.0,1261.2153099803206,65,0,1.0
6,Min Sum,Full-Contraction,1.0,1240.071682515885,66,0,1.0
6,Min Sum,Full-Contraction,1.0,1188.6940514040368,71,0,1.0
6,Min Sum,Full-Contraction,1.0,1188.6940514040368,71,0,1.0
6,Min Sum,Full-Contraction,1.0,1004.8354460755403,70,0,1.0
6,Min Sum,Full-Contraction,1.0,1195.4583913123447,74,0,1.0
6,Min Sum,Full-Contraction,1.0,1188.6940514040368,71,0,1.0
6,Min Sum,Full-Contraction,1.0,1188.6940514040368,60,0,1.0
6,Min Sum,Full-Contraction,1.0,1188.6940514040368,60,0,1.0
6,Min Sum,Full-Contraction,1.0,1320.8290426455637,68,0,1.0
6,Min Sum,Full-Contraction,1.0,963.2235126241758,69,0,1.0
6,Min Sum,Full-Contraction,1.0,1520.6529136650288,78,0,1.0
6,Min Sum,Full-Contraction,1.0,1171.800686499504,64,0,1.0
6,Min Sum,Full-Contraction,1.0,1188.6940514040368,65,0,1.0
6,Min Sum,Full-Contraction,1.0,1162.757653988404,60,0,1.0
6,Min Sum,Full-Contraction,1.0,963.4939459805541,65,0,1.0
6,Min Sum,Full-Contraction,1.0,915.5068782381039,62,0,1.0
6,Min Sum,Full-Contraction,1.0,1410.2538139999224,72,0,1.0
6,Min Sum,Full-Contraction,1.0,1339.6036127553725,69,0,1.0
6,Min Sum,Full-Contraction,1.0,1195.4583913123447,62,0,1.0
6,Min Sum,Full-Contraction,1.0,1339.6036127553725,69,0,1.0
6,Min Sum,Full-Contraction,1.0,1195.4583913123447,65,0,1.0
6,Min Sum,Full-Contraction,1.0,1106.369910180185,60,0,1.0
6,Min Sum,Full-Contraction,1.0,1004.8354460755403,65,0,1.0
6,Min Sum,Full-Contraction,1.0,1410.2538139999224,72,0,1.0
6,Min Sum,Full-Contraction,1.0,1188.694051404037,65,0,1.0
6,Min Sum,Full-Contraction,1.0,1217.148185787646,73,0,1.0
6,Min Sum,Full-Contraction,1.0,1103.5296904831232,56,0,1.0
6,Min Sum,Full-Contraction,1.0,1171.800686499504,76,0,1.0
6,Min Sum,Full-Contraction,1.0,1467.0668597579604,76,0,1.0
6,Min Sum,Full-Contraction,1.0,1498.8715925022802,82,0,1.0
6,Min Sum,Full-Contraction,1.0,1206.513493207442,78,0,1.0
6,Min Sum,Full-Contraction,1.0,1206.513493207442,78,0,1.0
6,Min Sum,Full-Contraction,1.0,1307.483781825204,69,0,1.0
6,Min Sum,Full-Contraction,1.0,1017.6376655100747,69,0,1.0
6,Min Sum,Full-Contraction,1.0,1028.1561559738268,55,0,1.0
6,Min Sum,Full-Contraction,1.0,1442.3482912111288,73,0,1.0
6,Min Sum,Full-Contraction,1.0,1103.5296904831232,56,0,1.0
6,Min Sum,Full-Contraction,1.0,1217.148185787646,78,0,1.0
6,Min Sum,Full-Contraction,1.0,1103.5296904831232,56,0,1.0
6,Min Sum,Full-Contraction,1.0,1498.8715925022802,82,0,1.0
6,Min Sum,Full-Contraction,1.0,1125.118773619812,69,0,1.0
6,Min Sum,Full-Contraction,1.0,1168.225745417108,60,0,1.0
6,Min Sum,Full-Contraction,1.0,1206.513493207442,78,0,1.0
6,Min Sum,Full-Contraction,1.0,1307.483781825204,76,0,1.0
6,Min Sum,Full-Contraction,1.0,1217.148185787646,73,0,1.0
6,Min Sum,Full-Contraction,1.0,967.5259634777236,67,0,1.0
6,Min Sum,Full-Contraction,1.0,1227.8394780823512,69,0,1.0
6,Min Sum,Full-Contraction,1.0,1171.800686499504,60,0,1.0
6,Min Sum,Full-Contraction,1.0,1171.800686499504,67,0,1.0
6,Min Sum,Full-Contraction,1.0,1054.09255338946,55,0,1.0
6,Min Sum,Full-Contraction,1.0,1052.8747245206584,54,0,1.0
6,Min Sum,Full-Contraction,1.0,1307.483781825204,69,0,1.0
6,Min Sum,Full-Contraction,1.0,1103.5296904831232,56,0,1.0
6,Min Sum,Full-Contraction,1.0,1017.6376655100747,69,0,1.0
6,Min Sum,Full-Contraction,1.0,1052.8747245206584,55,0,1.0
6,Min Sum,Full-Contraction,1.0,1217.148185787646,73,0,1.0
6,Min Sum,Full-Contraction,1.0,967.5259634777236,67,0,1.0
6,Min Sum,Full-Contraction,1.0,1217.148185787646,73,0,1.0
6,Min Sum,Full-Contraction,1.0,1171.800686499504,60,0,1.0
6,Min Sum,Full-Contraction,1.0,1442.3482912111288,73,0,1.0
6,Min Sum,Full-Contraction,1.0,1103.5296904831232,56,0,1.0
6,Min Sum,Full-Contraction,1.0,1307.483781825204,69,0,1.0
6,Min Sum,Full-Contraction,1.0,1028.1561559738268,54,0,1.0
6,Min Sum,Full-Contraction,1.0,1615.3681245156972,82,0,1.0
6,Min Sum,Full-Contraction,1.0,1078.8111219362916,66,0,1.0
6,Min Sum,Full-Contraction,1.0,1028.1561559738268,55,0,1.0
6,Min Sum,Full-Contraction,1.0,1498.8715925022802,82,0,1.0
6,Min Sum,Full-Contraction,1.0,1498.8715925022802,82,0,1.0
6,Min Sum,Full-Contraction,1.0,1125.118773619812,69,0,1.0
6,Min Sum,Full-Contraction,1.0,1340.0069380977432,79,0,1.0
6,Min Sum,Full-Contraction,1.0,1498.8715925022802,82,0,1.0
6,Min Sum,Full-Contraction,1.0,1192.9443139639397,76,0,1.0
6,Min Sum,Full-Contraction,1.0,1166.1903789690602,76,0,1.0
6,Min Sum,Full-Contraction,1.0,1171.800686499504,69,0,1.0
6,Min Sum,Full-Contraction,1.0,1017.6376655100747,69,0,1.0
6,Min Sum,Full-Contraction,1.0,1147.0821179526724,59,0,1.0
6,Min Sum,Full-Contraction,1.0,1206.513493207442,78,0,1.0
6,Min Sum,Full-Contraction,1.0,1498.8715925022802,76,0,1.0
6,Min Sum,Full-Contraction,1.0,1166.1903789690602,76,0,1.0
6,Min Sum,Full-Contraction,1.0,1498.8715925022802,78,0,1.0
6,Min Sum,Full-Contraction,1.0,1350.3188790432946,69,0,1.0
6,Min Sum,Full-Contraction,1.0,1028.1561559738268,54,0,1.0
6,Min Sum,Full-Contraction,1.0,1000.8019568131265,54,0,1.0
6,Min Sum,Full-Contraction,1.0,1307.483781825204,76,0,1.0
6,Min Sum,Full-Contraction,1.0,1025.5205253599581,67,0,1.0
6,Min Sum,Full-Contraction,1.0,1217.148185787646,73,0,1.0
6,Min Sum,Full-Contraction,1.0,1147.0821179526724,69,0,1.0
6,Min Sum,Full-Contraction,1.0,1217.148185787646,73,0,1.0
6,Min Sum,Full-Contraction,1.0,1168.225745417108,60,0,1.0
6,Min Sum,Full-Contraction,1.0,1217.148185787646,73,0,1.0
6,Min Sum,Full-Contraction,1.0,1217.008732545826,61,0,1.0
6,Min Sum,Full-Contraction,1.0,1092.9971408438084,61,0,1.0
6,Min Sum,Full-Contraction,1.0,1271.4792619456694,64,0,1.0
6,Min Sum,Full-Contraction,1.0,1217.008732545826,61,0,1.0
6,Min Sum,Full-Contraction,1.0,1217.008732545826,64,0,1.0
6,Min Sum,Full-Contraction,1.0,1271.4792619456694,64,0,1.0
6,Min Sum,Full-Contraction,1.0,1458.5852494097924,73,0,1.0
6,Min Sum,Full-Contraction,1.0,1271.4792619456694,64,0,1.0
6,Min Sum,Full-Contraction,1.0,1370.134478063541,69,0,1.0
6,Min Sum,Full-Contraction,1.0,1019.803902718557,64,0,1.0
6,Min Sum,Full-Contraction,1.0,1370.134478063541,69,0,1.0
6,Min Sum,Full-Contraction,1.0,1092.9971408438084,61,0,1.0
6,Min Sum,Full-Contraction,1.0,1370.134478063541,69,0,1.0
6,Min Sum,Full-Contraction,1.0,1092.9971408438084,61,0,1.0
6,Min Sum,Full-Contraction,1.0,1217.008732545826,64,0,1.0
6,Min Sum,Full-Contraction,1.0,1539.4649654579785,77,0,1.0
6,Min Sum,Full-Contraction,1.0,1092.9971408438084,61,0,1.0
6,Min Sum,Full-Contraction,1.0,1217.008732545826,64,0,1.0
6,Min Sum,Full-Contraction,1.0,1217.008732545826,61,0,1.0
6,Min Sum,Full-Contraction,1.0,1092.9971408438084,55,0,1.0
6,Min Sum,Full-Contraction,1.0,1370.134478063541,69,0,1.0
6,Min Sum,Full-Contraction,1.0,1458.5852494097924,73,0,1.0
6,Min Sum,Full-Contraction,1.0,1019.803902718557,52,0,1.0
6,Min Sum,Full-Contraction,1.0,1019.803902718557,52,0,1.0
6,Min Sum,Full-Contraction,1.0,1092.9971408438084,61,0,1.0
6,Min Sum,Full-Contraction,1.0,1271.4792619456694,64,0,1.0
6,Min Sum,Full-Contraction,1.0,1217.008732545826,61,0,1.0
6,Min Sum,Full-Contraction,1.0,1019.803902718557,61,0,1.0
6,Min Sum,Full-Contraction,1.0,1271.4792619456694,64,0,1.0
6,Min Sum,Full-Contraction,1.0,1019.803902718557,61,0,1.0
6,Min Sum,Full-Contraction,1.0,1217.008732545826,61,0,1.0
6,Min Sum,Full-Contraction,1.0,1019.803902718557,52,0,1.0
6,Min Sum,Full-Contraction,1.0,1092.9971408438084,55,0,1.0
6,Min Sum,Full-Contraction,1.0,1019.803902718557,52,0,1.0
6,Min Sum,Full-Contraction,1.0,1370.134478063541,69,0,1.0
6,Min Sum,Full-Contraction,1.0,1271.4792619456694,64,0,1.0
6,Min Sum,Full-Contraction,1.0,1092.9971408438084,55,0,1.0
6,Min Sum,Full-Contraction,1.0,1271.4792619456694,64,0,1.0
6,Min Sum,Full-Contraction,1.0,1499.851445020445,75,0,1.0
6,Min Sum,Full-Contraction,1.0,1092.9971408438084,55,0,1.0
6,Min Sum,Full-Contraction,1.0,1019.803902718557,64,0,1.0
6,Min Sum,Full-Contraction,1.0,1217.008732545826,64,0,1.0
6,Min Sum,Full-Contraction,1.0,1217.008732545826,64,0,1.0
6,Min Sum,Full-Contraction,1.0,1023.3345472033855,64,0,1.0
6,Min Sum,Full-Contraction,1.0,1092.9971408438084,61,0,1.0
6,Min Sum,Full-Contraction,1.0,1217.008732545826,64,0,1.0
6,Min Sum,Full-Contraction,1.0,1217.008732545826,61,0,1.0
6,Min Sum,Full-Contraction,1.0,1217.008732545826,61,0,1.0
6,Min Sum,Full-Contraction,1.0,1092.9971408438084,55,0,1.0
6,Min Sum,Full-Contraction,1.0,1019.803902718557,52,0,1.0
6,Min Sum,Full-Contraction,1.0,848.5281374238571,61,0,1.0
6,Min Sum,Full-Contraction,1.0,1023.3345472033855,61,0,1.0
6,Min Sum,Full-Contraction,1.0,1092.9971408438084,61,0,1.0
6,Min Sum,Full-Contraction,1.0,1271.4792619456694,64,0,1.0
6,Min Sum,Full-Contraction,1.0,1217.008732545826,61,0,1.0
6,Min Sum,Full-Contraction,1.0,1217.008732545826,61,0,1.0
6,Min Sum,Full-Contraction,1.0,1271.4792619456694,64,0,1.0
6,Min Sum,Full-Contraction,1.0,1019.803902718557,64,0,1.0
6,Min Sum,Full-Contraction,1.0,1217.008732545826,61,0,1.0
6,Min Sum,Full-Contraction,1.0,1019.803902718557,52,0,1.0
6,Min Sum,Full-Contraction,1.0,1092.9971408438084,55,0,1.0
6,Min Sum,Full-Contraction,1.0,1217.008732545826,61,0,1.0
6,Min Sum,Full-Contraction,1.0,1092.9971408438084,55,0,1.0
6,Min Sum,Full-Contraction,1.0,1019.803902718557,55,0,1.0
6,Min Sum,Full-Contraction,1.0,1370.134478063541,69,0,1.0
6,Min Sum,Full-Contraction,1.0,1019.803902718557,55,0,1.0
6,Min Sum,Full-Contraction,1.0,1345.790780115538,77,0,1.0
6,Min Sum,Full-Contraction,1.0,1092.9971408438084,61,0,1.0
6,Min Sum,Full-Contraction,1.0,1019.803902718557,55,0,1.0
6,Min Sum,Full-Contraction,1.0,899.3229555013679,55,0,1.0
6,Min Sum,Full-Contraction,1.0,1176.4602927211006,69,0,1.0
6,Min Sum,Full-Contraction,1.0,1306.1772596780045,75,0,1.0
6,Min Sum,Full-Contraction,1.0,1176.4602927211006,69,0,1.0
6,Min Sum,Full-Contraction,1.0,1345.790780115538,77,0,1.0
6,Min Sum,Full-Contraction,1.0,1217.008732545826,69,0,1.0
6,Min Sum,Full-Contraction,1.0,1019.803902718557,52,0,1.0
6,Min Sum,Full-Contraction,1.0,1345.790780115538,77,0,1.0
6,Min Sum,Full-Contraction,1.0,934.166020071207,52,0,1.0
6,Min Sum,Full-Contraction,1.0,1345.790780115538,77,0,1.0
6,Min Sum,Full-Contraction,1.0,899.3229555013679,55,0,1.0
6,Min Sum,Full-Contraction,1.0,1456.403191115976,82,0,1.0
6,Min Sum,Full-Contraction,1.0,1271.4792619456694,71,0,1.0
6,Min Sum,Full-Contraction,1.0,1217.008732545826,69,0,1.0
6,Min Sum,Full-Contraction,1.0,1092.9971408438084,61,0,1.0
6,Min Sum,Full-Contraction,1.0,826.1297173761164,52,0,1.0
6,Min Sum,Full-Contraction,1.0,1345.790780115538,77,0,1.0
6,Min Sum,Full-Contraction,1.0,1306.1772596780045,75,0,1.0
6,Min Sum,Full-Contraction,1.0,934.166020071207,55,0,1.0
6,Min Sum,Full-Contraction,1.0,1092.9971408438084,55,0,1.0
6,Min Sum,Full-Contraction,1.0,1264.9110640673518,73,0,1.0
6,Min Sum,Full-Contraction,1.0,1370.134478063541,71,0,1.0
6,Min Sum,Full-Contraction,1.0,899.3229555013679,55,0,1.0
6,Min Sum,Full-Contraction,1.0,1345.790780115538,77,0,1.0
6,Min Sum,Full-Contraction,1.0,1176.4602927211006,69,0,1.0
6,Min Sum,Full-Contraction,1.0,1176.4602927211006,69,0,1.0
6,Min Sum,Full-Contraction,1.0,1019.803902718557,55,0,1.0
6,Min Sum,Full-Contraction,1.0,1264.9110640673518,73,0,1.0
6,Min Sum,Full-Contraction,1.0,826.1297173761164,52,0,1.0
6,Min Sum,Full-Contraction,1.0,1092.9971408438084,55,0,1.0
6,Min Sum,Full-Contraction,1.0,1264.9110640673518,73,0,1.0
6,Min Sum,Full-Contraction,1.0,1345.790780115538,77,0,1.0
6,Min Sum,Full-Contraction,1.0,1019.803902718557,52,0,1.0
6,Min Sum,Full-Contraction,1.0,1370.134478063541,73,0,1.0
6,Min Sum,Full-Contraction,1.0,899.3229555013679,61,0,1.0
6,Min Sum,Full-Contraction,1.0,1023.3345472033855,61,0,1.0
6,Min Sum,Full-Contraction,1.0,1217.008732545826,69,0,1.0
6,Min Sum,Full-Contraction,1.0,1023.3345472033855,61,0,1.0
6,Min Sum,Full-Contraction,1.0,1023.3345472033855,61,0,1.0
6,Min Sum,Full-Contraction,1.0,1370.134478063541,73,0,1.0
6,Min Sum,Full-Contraction,1.0,1217.008732545826,61,0,1.0
6,Min Sum,Full-Contraction,1.0,899.3229555013679,55,0,1.0
6,Min Sum,Full-Contraction,1.0,1023.3345472033855,61,0,1.0
6,Min Sum,Full-Contraction,1.0,1023.3345472033855,61,0,1.0
6,Min Sum,Full-Contraction,1.0,1221.7662798305796,71,0,1.0
6,Min Sum,Full-Contraction,1.0,1077.8050766032288,71,0,1.0
6,Min Sum,Full-Contraction,1.0,1345.790780115538,77,0,1.0
6,Min Sum,Full-Contraction,1.0,1217.008732545826,64,0,1.0
6,Min Sum,Full-Contraction,1.0,1019.803902718557,52,0,1.0
6,Min Sum,Full-Contraction,1.0,899.3229555013679,61,0,1.0
6,Min Sum,Full-Contraction,1.0,934.166020071207,52,0,1.0
6,Min Sum,Full-Contraction,1.0,826.1297173761164,52,0,1.0
6,Min Sum,Full-Contraction,1.0,1370.134478063541,73,0,1.0
6,Min Sum,Full-Contraction,1.0,1370.134478063541,71,0,1.0
6,Min Sum,Full-Contraction,1.0,1019.803902718557,55,0,1.0
6,Min Sum,Full-Contraction,1.0,1046.9598700510512,71,0,1.0
6,Min Sum,Full-Contraction,1.0,1019.803902718557,55,0,1.0
6,Min Sum,Full-Contraction,1.0,1092.9971408438084,61,0,1.0
6,Min Sum,Full-Contraction,1.0,1077.8050766032288,64,0,1.0
6,Min Sum,Full-Contraction,1.0,1370.134478063541,73,0,1.0
6,Min Sum,Full-Contraction,1.0,1019.803902718557,52,0,1.0
6,Min Sum,Full-Contraction,1.0,1506.913065771238,87,0,1.0
6,Min Sum,Full-Contraction,1.0,1417.4827977963441,71,0,1.0
6,Min Sum,Full-Contraction,1.0,1626.996117668927,81,0,1.0
6,Min Sum,Full-Contraction,1.0,1688.1619664623206,87,0,1.0
6,Min Sum,Full-Contraction,1.0,1688.1619664623206,94,0,1.0
6,Min Sum,Full-Contraction,1.0,1498.7214397479436,89,0,1.0
6,Min Sum,Full-Contraction,1.0,1498.7214397479436,89,0,1.0
6,Min Sum,Full-Contraction,1.0,1333.4320734419264,81,0,1.0
6,Min Sum,Full-Contraction,1.0,1335.0371744123026,81,0,1.0
6,Min Sum,Full-Contraction,1.0,1433.0298779140248,72,0,1.0
6,Min Sum,Full-Contraction,1.0,1225.6517540566824,87,0,1.0
6,Min Sum,Full-Contraction,1.0,1417.4827977963441,71,0,1.0
6,Min Sum,Full-Contraction,1.0,1601.5170401489347,87,0,1.0
6,Min Sum,Full-Contraction,1.0,1417.4827977963441,71,0,1.0
6,Min Sum,Full-Contraction,1.0,1688.1619664623206,94,0,1.0
6,Min Sum,Full-Contraction,1.0,1335.0371744123026,81,0,1.0
6,Min Sum,Full-Contraction,1.0,1201.8561318788948,61,0,1.0
6,Min Sum,Full-Contraction,1.0,1498.7214397479436,89,0,1.0
6,Min Sum,Full-Contraction,1.0,1506.913065771238,84,0,1.0
6,Min Sum,Full-Contraction,1.0,1225.6517540566824,87,0,1.0
6,Min Sum,Full-Contraction,1.0,1226.0110291417786,76,0,1.0
6,Min Sum,Full-Contraction,1.0,1506.913065771238,81,0,1.0
6,Min Sum,Full-Contraction,1.0,1242.5947699080994,76,0,1.0
6,Min Sum,Full-Contraction,1.0,1242.5947699080994,76,0,1.0
6,Min Sum,Full-Contraction,1.0,1002.2597058777234,62,0,1.0
6,Min Sum,Full-Contraction,1.0,1401.6459457440005,71,0,1.0
6,Min Sum,Full-Contraction,1.0,1433.0298779140246,81,0,1.0
6,Min Sum,Full-Contraction,1.0,1417.4827977963441,71,0,1.0
6,Min Sum,Full-Contraction,1.0,1335.0371744123026,81,0,1.0
6,Min Sum,Full-Contraction,1.0,1401.6459457440005,71,0,1.0
6,Min Sum,Full-Contraction,1.0,1225.6517540566824,87,0,1.0
6,Min Sum,Full-Contraction,1.0,1226.0110291417786,76,0,1.0
6,Min Sum,Full-Contraction,1.0,1226.0110291417789,87,0,1.0
6,Min Sum,Full-Contraction,1.0,1242.5947699080994,76,0,1.0
6,Min Sum,Full-Contraction,1.0,1201.8561318788948,71,0,1.0
6,Min Sum,Full-Contraction,1.0,1417.4827977963441,71,0,1.0
6,Min Sum,Full-Contraction,1.0,1433.0298779140246,81,0,1.0
6,Min Sum,Full-Contraction,1.0,1401.6459457440005,71,0,1.0
6,Min Sum,Full-Contraction,1.0,1614.3341100713853,81,0,1.0
6,Min Sum,Full-Contraction,1.0,1433.0298779140248,81,0,1.0
6,Min Sum,Full-Contraction,1.0,1152.1278412845656,72,0,1.0
6,Min Sum,Full-Contraction,1.0,1688.1619664623206,94,0,1.0
6,Min Sum,Full-Contraction,1.0,1688.1619664623206,94,0,1.0
6,Min Sum,Full-Contraction,1.0,1335.0371744123026,81,0,1.0
6,Min Sum,Full-Contraction,1.0,1614.3341100713856,94,0,1.0
6,Min Sum,Full-Contraction,1.0,1688.1619664623206,94,0,1.0
6,Min Sum,Full-Contraction,1.0,1688.1619664623206,84,0,1.0
6,Min Sum,Full-Contraction,1.0,1688.1619664623206,84,0,1.0
6,Min Sum,Full-Contraction,1.0,1506.913065771238,81,0,1.0
6,Min Sum,Full-Contraction,1.0,1335.0371744123026,81,0,1.0
6,Min Sum,Full-Contraction,1.0,1417.4827977963441,71,0,1.0
6,Min Sum,Full-Contraction,1.0,1498.7214397479436,89,0,1.0
6,Min Sum,Full-Contraction,1.0,1688.1619664623206,87,0,1.0
6,Min Sum,Full-Contraction,1.0,1626.996117668927,81,0,1.0
6,Min Sum,Full-Contraction,1.0,1688.1619664623206,89,0,1.0
6,Min Sum,Full-Contraction,1.0,1401.645945744,81,0,1.0
6,Min Sum,Full-Contraction,1.0,1401.6459457440005,71,0,1.0
6,Min Sum,Full-Contraction,1.0,1031.9258214370175,61,0,1.0
6,Min Sum,Full-Contraction,1.0,1688.1619664623206,84,0,1.0
6,Min Sum,Full-Contraction,1.0,1506.913065771238,76,0,1.0
6,Min Sum,Full-Contraction,1.0,1506.913065771238,87,0,1.0
6,Min Sum,Full-Contraction,1.0,1433.0298779140246,81,0,1.0
6,Min Sum,Full-Contraction,1.0,1463.314801700507,87,0,1.0
6,Min Sum,Full-Contraction,1.0,1401.6459457440005,71,0,1.0
6,Min Sum,Full-Contraction,1.0,1463.314801700507,87,0,1.0
6,Min Sum,Full-Contraction,1.0,1416.4118937954956,71,0,1.0
6,Min Sum,Full-Contraction,1.0,1052.8747245206584,54,0,1.0
6,Min Sum,Full-Contraction,1.0,1166.1903789690602,74,0,1.0
6,Min Sum,Full-Contraction,1.0,1274.2707795953104,74,0,1.0
6,Min Sum,Full-Contraction,1.0,1282.6869109824772,80,0,1.0
6,Min Sum,Full-Contraction,1.0,1206.513493207442,76,0,1.0
6,Min Sum,Full-Contraction,1.0,1274.2707795953104,76,0,1.0
6,Min Sum,Full-Contraction,1.0,1017.6376655100747,67,0,1.0
6,Min Sum,Full-Contraction,1.0,1076.5324293334993,67,0,1.0
6,Min Sum,Full-Contraction,1.0,1028.1561559738268,53,0,1.0
6,Min Sum,Full-Contraction,1.0,1416.4118937954956,71,0,1.0
6,Min Sum,Full-Contraction,1.0,931.8233202746076,54,0,1.0
6,Min Sum,Full-Contraction,1.0,1416.4118937954956,76,0,1.0
6,Min Sum,Full-Contraction,1.0,1052.8747245206584,54,0,1.0
6,Min Sum,Full-Contraction,1.0,1282.6869109824772,80,0,1.0
6,Min Sum,Full-Contraction,1.0,1238.9746666517187,67,0,1.0
6,Min Sum,Full-Contraction,1.0,1121.1457205370393,58,0,1.0
6,Min Sum,Full-Contraction,1.0,1274.2707795953104,76,0,1.0
6,Min Sum,Full-Contraction,1.0,1324.3824816276615,74,0,1.0
6,Min Sum,Full-Contraction,1.0,1416.4118937954956,71,0,1.0
6,Min Sum,Full-Contraction,1.0,1142.2893480014752,65,0,1.0
6,Min Sum,Full-Contraction,1.0,1076.5324293334993,67,0,1.0
6,Min Sum,Full-Contraction,1.0,1142.2893480014752,58,0,1.0
6,Min Sum,Full-Contraction,1.0,1142.2893480014752,65,0,1.0
6,Min Sum,Full-Contraction,1.0,881.1683543121428,53,0,1.0
6,Min Sum,Full-Contraction,1.0,1002.2197585581938,52,0,1.0
6,Min Sum,Full-Contraction,1.0,1324.3824816276615,67,0,1.0
6,Min Sum,Full-Contraction,1.0,1052.8747245206584,54,0,1.0
6,Min Sum,Full-Contraction,1.0,1076.5324293334993,67,0,1.0
6,Min Sum,Full-Contraction,1.0,1028.1561559738268,53,0,1.0
6,Min Sum,Full-Contraction,1.0,1416.4118937954956,71,0,1.0
6,Min Sum,Full-Contraction,1.0,1142.2893480014752,65,0,1.0
6,Min Sum,Full-Contraction,1.0,1416.4118937954956,71,0,1.0
6,Min Sum,Full-Contraction,1.0,1142.2893480014752,58,0,1.0
6,Min Sum,Full-Contraction,1.0,1258.4896858826323,71,0,1.0
6,Min Sum,Full-Contraction,1.0,1052.8747245206584,54,0,1.0
6,Min Sum,Full-Contraction,1.0,1324.3824816276615,67,0,1.0
6,Min Sum,Full-Contraction,1.0,1002.2197585581938,52,0,1.0
6,Min Sum,Full-Contraction,1.0,1431.5095191872006,80,0,1.0
6,Min Sum,Full-Contraction,1.0,1256.8288158627392,64,0,1.0
6,Min Sum,Full-Contraction,1.0,1028.1561559738268,53,0,1.0
6,Min Sum,Full-Contraction,1.0,1282.6869109824772,80,0,1.0
6,Min Sum,Full-Contraction,1.0,1282.6869109824772,80,0,1.0
6,Min Sum,Full-Contraction,1.0,1076.5324293334993,67,0,1.0
6,Min Sum,Full-Contraction,1.0,1539.270646105593,77,0,1.0
6,Min Sum,Full-Contraction,1.0,1282.6869109824772,80,0,1.0
6,Min Sum,Full-Contraction,1.0,1166.1903789690602,74,0,1.0
6,Min Sum,Full-Contraction,1.0,1324.3824816276615,74,0,1.0
6,Min Sum,Full-Contraction,1.0,1256.8288158627392,67,0,1.0
6,Min Sum,Full-Contraction,1.0,1076.5324293334993,67,0,1.0
6,Min Sum,Full-Contraction,1.0,963.2235126241759,57,0,1.0
6,Min Sum,Full-Contraction,1.0,1274.2707795953104,76,0,1.0
6,Min Sum,Full-Contraction,1.0,1416.4118937954956,74,0,1.0
6,Min Sum,Full-Contraction,1.0,1166.1903789690602,74,0,1.0
6,Min Sum,Full-Contraction,1.0,1416.4118937954956,76,0,1.0
6,Min Sum,Full-Contraction,1.0,1324.3824816276615,67,0,1.0
6,Min Sum,Full-Contraction,1.0,1002.2197585581938,52,0,1.0
6,Min Sum,Full-Contraction,1.0,1002.2197585581938,52,0,1.0
6,Min Sum,Full-Contraction,1.0,1324.3824816276615,74,0,1.0
6,Min Sum,Full-Contraction,1.0,1142.2893480014752,65,0,1.0
6,Min Sum,Full-Contraction,1.0,1416.4118937954956,71,0,1.0
6,Min Sum,Full-Contraction,1.0,1324.3824816276615,67,0,1.0
6,Min Sum,Full-Contraction,1.0,1416.4118937954956,71,0,1.0
6,Min Sum,Full-Contraction,1.0,1002.2197585581938,58,0,1.0
6,Min Sum,Full-Contraction,1.0,1416.4118937954956,71,0,1.0
6,Min Sum,Full-Contraction,1.0,954.5214042184234,48,0,1.0
6,Min Sum,Full-Contraction,1.0,1387.0836397062903,69,0,1.0
6,Min Sum,Full-Contraction,1.0,954.5214042184234,54,0,1.0
6,Min Sum,Full-Contraction,1.0,967.5918792439984,54,0,1.0
6,Min Sum,Full-Contraction,1.0,792.4856181084117,54,0,1.0
6,Min Sum,Full-Contraction,1.0,1085.6362160728852,65,0,1.0
6,Min Sum,Full-Contraction,1.0,1340.205457767349,72,0,1.0
6,Min Sum,Full-Contraction,1.0,1085.6362160728852,65,0,1.0
6,Min Sum,Full-Contraction,1.0,1240.7044005204048,73,0,1.0
6,Min Sum,Full-Contraction,1.0,1191.9612268759965,65,0,1.0
6,Min Sum,Full-Contraction,1.0,967.5918792439984,54,0,1.0
6,Min Sum,Full-Contraction,1.0,1387.0836397062903,69,0,1.0
6,Min Sum,Full-Contraction,1.0,802.9690090668789,52,0,1.0
6,Min Sum,Full-Contraction,1.0,1387.0836397062903,69,0,1.0
6,Min Sum,Full-Contraction,1.0,792.4856181084117,54,0,1.0
6,Min Sum,Full-Contraction,1.0,1368.3929984365327,79,0,1.0
6,Min Sum,Full-Contraction,1.0,1277.9548454068326,64,0,1.0
6,Min Sum,Full-Contraction,1.0,1085.6362160728852,65,0,1.0
6,Min Sum,Full-Contraction,1.0,910.594035442545,54,0,1.0
6,Min Sum,Full-Contraction,1.0,710.594035442545,48,0,1.0
6,Min Sum,Full-Contraction,1.0,1240.7044005204048,73,0,1.0
6,Min Sum,Full-Contraction,1.0,1340.205457767349,72,0,1.0
6,Min Sum,Full-Contraction,1.0,954.5214042184234,52,0,1.0
6,Min Sum,Full-Contraction,1.0,802.9690090668789,52,0,1.0
6,Min Sum,Full-Contraction,1.0,1310.594035442545,66,0,1.0
6,Min Sum,Full-Contraction,1.0,1191.9612268759965,65,0,1.0
6,Min Sum,Full-Contraction,1.0,967.5918792439984,54,0,1.0
6,Min Sum,Full-Contraction,1.0,1387.0836397062903,69,0,1.0
6,Min Sum,Full-Contraction,1.0,1085.6362160728852,65,0,1.0
6,Min Sum,Full-Contraction,1.0,1217.3808124816956,61,0,1.0
6,Min Sum,Full-Contraction,1.0,967.5918792439984,54,0,1.0
6,Min Sum,Full-Contraction,1.0,1310.594035442545,66,0,1.0
6,Min Sum,Full-Contraction,1.0,710.594035442545,48,0,1.0
6,Min Sum,Full-Contraction,1.0,802.9690090668789,52,0,1.0
6,Min Sum,Full-Contraction,1.0,1310.594035442545,66,0,1.0
6,Min Sum,Full-Contraction,1.0,1387.0836397062903,69,0,1.0
6,Min Sum,Full-Contraction,1.0,910.594035442545,46,0,1.0
6,Min Sum,Full-Contraction,1.0,1191.9612268759965,66,0,1.0
6,Min Sum,Full-Contraction,1.0,953.963390753049,59,0,1.0
6,Min Sum,Full-Contraction,1.0,1066.9875692076828,54,0,1.0
6,Min Sum,Full-Contraction,1.0,1121.0342993034772,65,0,1.0
6,Min Sum,Full-Contraction,1.0,823.0602004318043,54,0,1.0
6,Min Sum,Full-Contraction,1.0,823.0602004318043,54,0,1.0
6,Min Sum,Full-Contraction,1.0,1191.9612268759965,68,0,1.0
6,Min Sum,Full-Contraction,1.0,910.594035442545,57,0,1.0
6,Min Sum,Full-Contraction,1.0,792.4856181084117,54,0,1.0
6,Min Sum,Full-Contraction,1.0,861.2668684408868,54,0,1.0
6,Min Sum,Full-Contraction,1.0,940.3421684242052,54,0,1.0
6,Min Sum,Full-Contraction,1.0,1077.5183673389727,65,0,1.0
6,Min Sum,Full-Contraction,1.0,1121.0342993034772,64,0,1.0
6,Min Sum,Full-Contraction,1.0,1387.0836397062903,69,0,1.0
6,Min Sum,Full-Contraction,1.0,1060.2884015561604,59,0,1.0
6,Min Sum,Full-Contraction,1.0,954.5214042184234,48,0,1.0
6,Min Sum,Full-Contraction,1.0,861.2668684408868,54,0,1.0
6,Min Sum,Full-Contraction,1.0,954.5214042184234,48,0,1.0
6,Min Sum,Full-Contraction,1.0,910.594035442545,46,0,1.0
6,Min Sum,Full-Contraction,1.0,1277.9548454068326,66,0,1.0
6,Min Sum,Full-Contraction,1.0,1277.9548454068326,65,0,1.0
6,Min Sum,Full-Contraction,1.0,967.5918792439984,54,0,1.0
6,Min Sum,Full-Contraction,1.0,1078.1859146865431,64,0,1.0
6,Min Sum,Full-Contraction,1.0,954.5214042184234,48,0,1.0
6,Min Sum,Full-Contraction,1.0,1060.2884015561604,59,0,1.0
6,Min Sum,Full-Contraction,1.0,963.5090928545214,59,0,1.0
6,Min Sum,Full-Contraction,1.0,1310.594035442545,66,0,1.0
6,Min Sum,Full-Contraction,1.0,967.5918792439984,54,0,1.0
6,Min Sum,Full-Contraction,1.0,1201.903080666718,71,0,1.0
6,Min Sum,Full-Contraction,1.0,1240.071682515885,62,0,1.0
6,Min Sum,Full-Contraction,1.0,1171.800686499504,73,0,1.0
6,Min Sum,Full-Contraction,1.0,1426.9504037186227,73,0,1.0
6,Min Sum,Full-Contraction,1.0,1225.6844193363468,79,0,1.0
6,Min Sum,Full-Contraction,1.0,1142.289348001475,75,0,1.0
6,Min Sum,Full-Contraction,1.0,1228.8763550719948,75,0,1.0
6,Min Sum,Full-Contraction,1.0,1281.6836159672494,66,0,1.0
6,Min Sum,Full-Contraction,1.0,1000.0943162909884,66,0,1.0
6,Min Sum,Full-Contraction,1.0,1028.1561559738268,58,0,1.0
6,Min Sum,Full-Contraction,1.0,1186.9730374937262,71,0,1.0
6,Min Sum,Full-Contraction,1.0,1240.071682515885,62,0,1.0
6,Min Sum,Full-Contraction,1.0,1386.7985629848583,75,0,1.0
6,Min Sum,Full-Contraction,1.0,963.2235126241759,62,0,1.0
6,Min Sum,Full-Contraction,1.0,1225.6844193363468,79,0,1.0
6,Min Sum,Full-Contraction,1.0,1170.2764477750259,70,0,1.0
6,Min Sum,Full-Contraction,1.0,963.2235126241759,59,0,1.0
6,Min Sum,Full-Contraction,1.0,1064.7579767288203,75,0,1.0
6,Min Sum,Full-Contraction,1.0,1171.800686499504,73,0,1.0
6,Min Sum,Full-Contraction,1.0,1060.7736659894772,71,0,1.0
6,Min Sum,Full-Contraction,1.0,1000.0943162909884,63,0,1.0
6,Min Sum,Full-Contraction,1.0,1099.6262465304762,67,0,1.0
6,Min Sum,Full-Contraction,1.0,1171.800686499504,59,0,1.0
6,Min Sum,Full-Contraction,1.0,1171.800686499504,63,0,1.0
6,Min Sum,Full-Contraction,1.0,1093.791521376339,57,0,1.0
6,Min Sum,Full-Contraction,1.0,1147.0821179526724,58,0,1.0
6,Min Sum,Full-Contraction,1.0,1281.6836159672494,66,0,1.0
6,Min Sum,Full-Contraction,1.0,1240.071682515885,62,0,1.0
6,Min Sum,Full-Contraction,1.0,1052.8747245206584,66,0,1.0
6,Min Sum,Full-Contraction,1.0,1147.0821179526724,58,0,1.0
6,Min Sum,Full-Contraction,1.0,1150.1022338269136,71,0,1.0
6,Min Sum,Full-Contraction,1.0,1093.791521376339,63,0,1.0
6,Min Sum,Full-Contraction,1.0,1060.7736659894772,71,0,1.0
6,Min Sum,Full-Contraction,1.0,1171.800686499504,59,0,1.0
6,Min Sum,Full-Contraction,1.0,1186.9730374937262,71,0,1.0
6,Min Sum,Full-Contraction,1.0,1240.071682515885,62,0,1.0
6,Min Sum,Full-Contraction,1.0,1281.6836159672494,66,0,1.0
6,Min Sum,Full-Contraction,1.0,1147.0821179526724,58,0,1.0
6,Min Sum,Full-Contraction,1.0,1351.8837908405958,79,0,1.0
6,Min Sum,Full-Contraction,1.0,1121.1457205370393,64,0,1.0
6,Min Sum,Full-Contraction,1.0,1028.1561559738268,58,0,1.0
6,Min Sum,Full-Contraction,1.0,1225.6844193363468,79,0,1.0
6,Min Sum,Full-Contraction,1.0,1225.6844193363468,79,0,1.0
6,Min Sum,Full-Contraction,1.0,1093.791521376339,66,0,1.0
6,Min Sum,Full-Contraction,1.0,1281.6836159672494,78,0,1.0
6,Min Sum,Full-Contraction,1.0,1225.6844193363468,79,0,1.0
6,Min Sum,Full-Contraction,1.0,1093.1709909964081,73,0,1.0
6,Min Sum,Full-Contraction,1.0,1093.1709909964081,73,0,1.0
6,Min Sum,Full-Contraction,1.0,954.6523049164182,66,0,1.0
6,Min Sum,Full-Contraction,1.0,954.6523049164182,66,0,1.0
6,Min Sum,Full-Contraction,1.0,1240.071682515885,62,0,1.0
6,Min Sum,Full-Contraction,1.0,1139.5477872345582,75,0,1.0
6,Min Sum,Full-Contraction,1.0,1219.3703625006574,73,0,1.0
6,Min Sum,Full-Contraction,1.0,1093.1709909964081,73,0,1.0
6,Min Sum,Full-Contraction,1.0,1219.3703625006574,75,0,1.0
6,Min Sum,Full-Contraction,1.0,1281.6836159672494,66,0,1.0
6,Min Sum,Full-Contraction,1.0,1093.791521376339,58,0,1.0
6,Min Sum,Full-Contraction,1.0,1028.1561559738268,58,0,1.0
6,Min Sum,Full-Contraction,1.0,1281.6836159672494,73,0,1.0
6,Min Sum,Full-Contraction,1.0,921.8820125291898,63,0,1.0
6,Min Sum,Full-Contraction,1.0,1171.800686499504,71,0,1.0
6,Min Sum,Full-Contraction,1.0,1064.7579767288203,66,0,1.0
6,Min Sum,Full-Contraction,1.0,1060.7736659894772,71,0,1.0
6,Min Sum,Full-Contraction,1.0,1147.0821179526724,58,0,1.0
6,Min Sum,Full-Contraction,1.0,1308.024441739777,71,0,1.0
6,Min Sum,Full-Contraction,1.0,989.604823003891,51,0,1.0
6,Min Sum,Full-Contraction,1.0,1422.9588803802335,71,0,1.0
6,Min Sum,Full-Contraction,1.0,976.6668790030651,56,0,1.0
6,Min Sum,Full-Contraction,1.0,963.3912531645569,53,0,1.0
6,Min Sum,Full-Contraction,1.0,1061.3387554127685,54,0,1.0
6,Min Sum,Full-Contraction,1.0,1096.724748168233,65,0,1.0
6,Min Sum,Full-Contraction,1.0,1303.958644287272,72,0,1.0
6,Min Sum,Full-Contraction,1.0,1096.724748168233,65,0,1.0
6,Min Sum,Full-Contraction,1.0,1258.130063587007,73,0,1.0
6,Min Sum,Full-Contraction,1.0,1155.039899190217,65,0,1.0
6,Min Sum,Full-Contraction,1.0,931.4464833913052,52,0,1.0
6,Min Sum,Full-Contraction,1.0,1422.9588803802335,71,0,1.0
6,Min Sum,Full-Contraction,1.0,963.3912531645569,49,0,1.0
6,Min Sum,Full-Contraction,1.0,1422.9588803802335,71,0,1.0
6,Min Sum,Full-Contraction,1.0,1061.3387554127685,54,0,1.0
6,Min Sum,Full-Contraction,1.0,1378.796978633066,79,0,1.0
6,Min Sum,Full-Contraction,1.0,1155.039899190217,66,0,1.0
6,Min Sum,Full-Contraction,1.0,1096.724748168233,65,0,1.0
6,Min Sum,Full-Contraction,1.0,935.7112565078801,56,0,1.0
6,Min Sum,Full-Contraction,1.0,963.3912531645569,49,0,1.0
6,Min Sum,Full-Contraction,1.0,1258.130063587007,73,0,1.0
6,Min Sum,Full-Contraction,1.0,1303.958644287272,72,0,1.0
6,Min Sum,Full-Contraction,1.0,989.604823003891,52,0,1.0
6,Min Sum,Full-Contraction,1.0,989.604823003891,52,0,1.0
6,Min Sum,Full-Contraction,1.0,1143.7022415037309,68,0,1.0
6,Min Sum,Full-Contraction,1.0,1254.5505430010032,66,0,1.0
6,Min Sum,Full-Contraction,1.0,917.1374939231289,53,0,1.0
6,Min Sum,Full-Contraction,1.0,1422.9588803802335,71,0,1.0
6,Min Sum,Full-Contraction,1.0,1096.724748168233,65,0,1.0
6,Min Sum,Full-Contraction,1.0,1254.5505430010032,63,0,1.0
6,Min Sum,Full-Contraction,1.0,963.3912531645569,53,0,1.0
6,Min Sum,Full-Contraction,1.0,1143.7022415037309,68,0,1.0
6,Min Sum,Full-Contraction,1.0,963.3912531645569,49,0,1.0
6,Min Sum,Full-Contraction,1.0,989.604823003891,52,0,1.0
6,Min Sum,Full-Contraction,1.0,1143.7022415037309,68,0,1.0
6,Min Sum,Full-Contraction,1.0,1422.9588803802335,71,0,1.0
6,Min Sum,Full-Contraction,1.0,935.7112565078801,48,0,1.0
6,Min Sum,Full-Contraction,1.0,1162.978677262311,68,0,1.0
6,Min Sum,Full-Contraction,1.0,982.2121153356162,57,0,1.0
6,Min Sum,Full-Contraction,1.0,1104.6880674053668,56,0,1.0
6,Min Sum,Full-Contraction,1.0,1162.978677262311,65,0,1.0
6,Min Sum,Full-Contraction,1.0,907.9491648940487,56,0,1.0
6,Min Sum,Full-Contraction,1.0,1104.6880674053668,56,0,1.0
6,Min Sum,Full-Contraction,1.0,1166.2693927990356,69,0,1.0
6,Min Sum,Full-Contraction,1.0,1155.0398991902168,58,0,1.0
6,Min Sum,Full-Contraction,1.0,976.6668790030651,54,0,1.0
6,Min Sum,Full-Contraction,1.0,905.5743640947117,56,0,1.0
6,Min Sum,Full-Contraction,1.0,976.6668790030651,56,0,1.0
6,Min Sum,Full-Contraction,1.0,1112.6745183547625,66,0,1.0
6,Min Sum,Full-Contraction,1.0,1155.039899190217,66,0,1.0
6,Min Sum,Full-Contraction,1.0,1422.9588803802335,71,0,1.0
6,Min Sum,Full-Contraction,1.0,1022.1801249736397,60,0,1.0
6,Min Sum,Full-Contraction,1.0,963.3912531645569,49,0,1.0
6,Min Sum,Full-Contraction,1.0,905.5743640947117,56,0,1.0
6,Min Sum,Full-Contraction,1.0,963.3912531645569,49,0,1.0
6,Min Sum,Full-Contraction,1.0,935.7112565078801,48,0,1.0
6,Min Sum,Full-Contraction,1.0,1342.815944814386,68,0,1.0
6,Min Sum,Full-Contraction,1.0,1162.978677262311,66,0,1.0
6,Min Sum,Full-Contraction,1.0,935.7112565078801,53,0,1.0
6,Min Sum,Full-Contraction,1.0,1104.7376718755818,66,0,1.0
6,Min Sum,Full-Contraction,1.0,989.604823003891,51,0,1.0
6,Min Sum,Full-Contraction,1.0,1022.1801249736397,58,0,1.0
6,Min Sum,Full-Contraction,1.0,984.4389433960813,60,0,1.0
6,Min Sum,Full-Contraction,1.0,1254.5505430010032,68,0,1.0
6,Min Sum,Full-Contraction,1.0,963.3912531645569,52,0,1.0
6,Min Sum,Full-Contraction,1.0,1248.5886767731067,71,0,1.0
6,Min Sum,Full-Contraction,1.0,1421.3373913339503,71,0,1.0
6,Min Sum,Full-Contraction,1.0,1340.3124237432849,67,0,1.0
6,Min Sum,Full-Contraction,1.0,1368.3234126713367,71,0,1.0
6,Min Sum,Full-Contraction,1.0,1140.3124237432849,78,0,1.0
6,Min Sum,Full-Contraction,1.0,1178.8289044567352,72,0,1.0
6,Min Sum,Full-Contraction,1.0,1311.1328169932217,72,0,1.0
6,Min Sum,Full-Contraction,1.0,863.9192214932639,66,0,1.0
6,Min Sum,Full-Contraction,1.0,740.3124237432849,64,0,1.0
6,Min Sum,Full-Contraction,1.0,1000.8675512896838,63,0,1.0
6,Min Sum,Full-Contraction,1.0,1280.6248474865697,71,0,1.0
6,Min Sum,Full-Contraction,1.0,1421.3373913339503,71,0,1.0
6,Min Sum,Full-Contraction,1.0,1368.3234126713367,71,0,1.0
6,Min Sum,Full-Contraction,1.0,1421.3373913339503,71,0,1.0
6,Min Sum,Full-Contraction,1.0,1368.3234126713367,78,0,1.0
6,Min Sum,Full-Contraction,1.0,881.0249675906655,71,0,1.0
6,Min Sum,Full-Contraction,1.0,1178.8289044567352,59,0,1.0
6,Min Sum,Full-Contraction,1.0,1446.5381985731397,72,0,1.0
6,Min Sum,Full-Contraction,1.0,1368.3234126713367,68,0,1.0
6,Min Sum,Full-Contraction,1.0,1140.3124237432849,71,0,1.0
6,Min Sum,Full-Contraction,1.0,1178.8289044567352,64,0,1.0
6,Min Sum,Full-Contraction,1.0,1311.1328169932217,66,0,1.0
6,Min Sum,Full-Contraction,1.0,863.9192214932639,63,0,1.0
6,Min Sum,Full-Contraction,1.0,1248.5886767731067,63,0,1.0
6,Min Sum,Full-Contraction,1.0,1052.622986305051,64,0,1.0
6,Min Sum,Full-Contraction,1.0,1178.8289044567352,66,0,1.0
6,Min Sum,Full-Contraction,1.0,1052.622986305051,66,0,1.0
6,Min Sum,Full-Contraction,1.0,1421.3373913339503,71,0,1.0
6,Min Sum,Full-Contraction,1.0,1052.622986305051,64,0,1.0
6,Min Sum,Full-Contraction,1.0,1311.1328169932217,66,0,1.0
6,Min Sum,Full-Contraction,1.0,1140.3124237432849,71,0,1.0
6,Min Sum,Full-Contraction,1.0,1280.6248474865697,64,0,1.0
6,Min Sum,Full-Contraction,1.0,1178.8289044567352,71,0,1.0
6,Min Sum,Full-Contraction,1.0,1248.5886767731067,63,0,1.0
6,Min Sum,Full-Contraction,1.0,1280.6248474865697,64,0,1.0
6,Min Sum,Full-Contraction,1.0,1421.3373913339503,71,0,1.0
6,Min Sum,Full-Contraction,1.0,1311.1328169932217,66,0,1.0
6,Min Sum,Full-Contraction,1.0,1280.6248474865697,66,0,1.0
6,Min Sum,Full-Contraction,1.0,1446.5381985731397,72,0,1.0
6,Min Sum,Full-Contraction,1.0,1248.5886767731067,66,0,1.0
6,Min Sum,Full-Contraction,1.0,968.8313805762209,63,0,1.0
6,Min Sum,Full-Contraction,1.0,1368.3234126713367,78,0,1.0
6,Min Sum,Full-Contraction,1.0,1368.3234126713367,78,0,1.0
6,Min Sum,Full-Contraction,1.0,1178.8289044567352,64,0,1.0
6,Min Sum,Full-Contraction,1.0,1311.1328169932217,79,0,1.0
6,Min Sum,Full-Contraction,1.0,1021.9544457292888,78,0,1.0
6,Min Sum,Full-Contraction,1.0,1368.3234126713367,68,0,1.0
6,Min Sum,Full-Contraction,1.0,1368.3234126713367,68,0,1.0
6,Min Sum,Full-Contraction,1.0,1280.6248474865697,66,0,1.0
6,Min Sum,Full-Contraction,1.0,1178.8289044567352,64,0,1.0
6,Min Sum,Full-Contraction,1.0,1421.3373913339503,71,0,1.0
6,Min Sum,Full-Contraction,1.0,1052.622986305051,72,0,1.0
6,Min Sum,Full-Contraction,1.0,1368.3234126713367,71,0,1.0
6,Min Sum,Full-Contraction,1.0,1340.3124237432849,67,0,1.0
6,Min Sum,Full-Contraction,1.0,1368.3234126713367,72,0,1.0
6,Min Sum,Full-Contraction,1.0,1311.1328169932217,66,0,1.0
6,Min Sum,Full-Contraction,1.0,1280.6248474865697,66,0,1.0
6,Min Sum,Full-Contraction,1.0,1178.8289044567352,59,0,1.0
6,Min Sum,Full-Contraction,1.0,1311.1328169932217,68,0,1.0
6,Min Sum,Full-Contraction,1.0,1178.8289044567352,59,0,1.0
6,Min Sum,Full-Contraction,1.0,1248.5886767731067,71,0,1.0
6,Min Sum,Full-Contraction,1.0,1280.6248474865697,64,0,1.0
6,Min Sum,Full-Contraction,1.0,1178.8289044567352,71,0,1.0
6,Min Sum,Full-Contraction,1.0,1311.1328169932217,66,0,1.0
6,Min Sum,Full-Contraction,1.0,1178.8289044567352,71,0,1.0
6,Min Sum,Full-Contraction,1.0,810.0016626458371,49,0,1.0
6,Min Sum,Full-Contraction,1.0,1254.5505430010032,69,0,1.0
6,Min Sum,Full-Contraction,1.0,921.2379785451215,56,0,1.0
6,Min Sum,Full-Contraction,1.0,1174.176298267843,59,0,1.0
6,Min Sum,Full-Contraction,1.0,868.2136211605816,49,0,1.0
6,Min Sum,Full-Contraction,1.0,1387.3965765295216,70,0,1.0
6,Min Sum,Full-Contraction,1.0,1541.2717741275815,77,0,1.0
6,Min Sum,Full-Contraction,1.0,1387.3965765295216,70,0,1.0
6,Min Sum,Full-Contraction,1.0,1535.0430011594149,77,0,1.0
6,Min Sum,Full-Contraction,1.0,1387.3965765295216,70,0,1.0
6,Min Sum,Full-Contraction,1.0,1155.0398991902168,58,0,1.0
6,Min Sum,Full-Contraction,1.0,1254.5505430010032,69,0,1.0
6,Min Sum,Full-Contraction,1.0,907.9491648940487,54,0,1.0
6,Min Sum,Full-Contraction,1.0,1254.5505430010032,69,0,1.0
6,Min Sum,Full-Contraction,1.0,830.5314789479797,49,0,1.0
6,Min Sum,Full-Contraction,1.0,1670.1682147120357,83,0,1.0
6,Min Sum,Full-Contraction,1.0,1104.6880674053668,66,0,1.0
6,Min Sum,Full-Contraction,1.0,1387.3965765295216,70,0,1.0
6,Min Sum,Full-Contraction,1.0,905.5743640947117,56,0,1.0
6,Min Sum,Full-Contraction,1.0,782.3216659891602,48,0,1.0
6,Min Sum,Full-Contraction,1.0,1535.0430011594149,77,0,1.0
6,Min Sum,Full-Contraction,1.0,1541.2717741275815,77,0,1.0
6,Min Sum,Full-Contraction,1.0,1104.6880674053668,56,0,1.0
6,Min Sum,Full-Contraction,1.0,1104.6880674053668,56,0,1.0
6,Min Sum,Full-Contraction,1.0,1254.5505430010032,66,0,1.0
6,Min Sum,Full-Contraction,1.0,1387.3965765295216,70,0,1.0
6,Min Sum,Full-Contraction,1.0,1174.176298267843,59,0,1.0
6,Min Sum,Full-Contraction,1.0,1166.2693927990356,69,0,1.0
6,Min Sum,Full-Contraction,1.0,1387.3965765295216,70,0,1.0
6,Min Sum,Full-Contraction,1.0,1262.9796577123775,64,0,1.0
6,Min Sum,Full-Contraction,1.0,1174.176298267843,59,0,1.0
6,Min Sum,Full-Contraction,1.0,1112.6745183547625,66,0,1.0
6,Min Sum,Full-Contraction,1.0,935.7112565078801,48,0,1.0
6,Min Sum,Full-Contraction,1.0,1104.6880674053668,56,0,1.0
6,Min Sum,Full-Contraction,1.0,1112.6745183547625,66,0,1.0
6,Min Sum,Full-Contraction,1.0,1387.3965765295216,70,0,1.0
6,Min Sum,Full-Contraction,1.0,989.604823003891,51,0,1.0
6,Min Sum,Full-Contraction,1.0,1387.3965765295216,70,0,1.0
6,Min Sum,Full-Contraction,1.0,1228.7031089548286,62,0,1.0
6,Min Sum,Full-Contraction,1.0,822.1938220117618,52,0,1.0
6,Min Sum,Full-Contraction,1.0,1387.3965765295216,70,0,1.0
6,Min Sum,Full-Contraction,1.0,881.7031695992538,52,0,1.0
6,Min Sum,Full-Contraction,1.0,881.7031695992538,52,0,1.0
6,Min Sum,Full-Contraction,1.0,1422.9588803802335,71,0,1.0
6,Min Sum,Full-Contraction,1.0,935.7112565078801,52,0,1.0
6,Min Sum,Full-Contraction,1.0,830.5314789479797,49,0,1.0
6,Min Sum,Full-Contraction,1.0,905.5743640947117,56,0,1.0
6,Min Sum,Full-Contraction,1.0,905.5743640947117,56,0,1.0
6,Min Sum,Full-Contraction,1.0,1143.7022415037309,68,0,1.0
6,Min Sum,Full-Contraction,1.0,1104.7376718755818,66,0,1.0
6,Min Sum,Full-Contraction,1.0,1166.2693927990356,69,0,1.0
6,Min Sum,Full-Contraction,1.0,1262.9796577123775,64,0,1.0
6,Min Sum,Full-Contraction,1.0,935.7112565078801,51,0,1.0
6,Min Sum,Full-Contraction,1.0,921.2379785451215,56,0,1.0
6,Min Sum,Full-Contraction,1.0,782.3216659891602,48,0,1.0
6,Min Sum,Full-Contraction,1.0,989.604823003891,51,0,1.0
6,Min Sum,Full-Contraction,1.0,1387.3965765295216,70,0,1.0
6,Min Sum,Full-Contraction,1.0,1387.3965765295216,70,0,1.0
6,Min Sum,Full-Contraction,1.0,1174.176298267843,59,0,1.0
6,Min Sum,Full-Contraction,1.0,1104.7376718755818,66,0,1.0
6,Min Sum,Full-Contraction,1.0,935.7112565078801,48,0,1.0
6,Min Sum,Full-Contraction,1.0,1262.9796577123775,64,0,1.0
6,Min Sum,Full-Contraction,1.0,1254.5505430010032,63,0,1.0
6,Min Sum,Full-Contraction,1.0,1112.6745183547625,66,0,1.0
6,Min Sum,Full-Contraction,1.0,1155.0398991902168,58,0,1.0
6,Min Sum,Full-Contraction,1.0,1032.0379346789864,52,0,1.0
6,Min Sum,Full-Contraction,1.0,1462.2478899521602,74,0,1.0
6,Min Sum,Full-Contraction,1.0,1151.6215718934232,59,0,1.0
6,Min Sum,Full-Contraction,1.0,1060.3727932586507,55,0,1.0
6,Min Sum,Full-Contraction,1.0,839.5773574136924,52,0,1.0
6,Min Sum,Full-Contraction,1.0,1328.479387065396,68,0,1.0
6,Min Sum,Full-Contraction,1.0,1462.2478899521602,74,0,1.0
6,Min Sum,Full-Contraction,1.0,1328.479387065396,68,0,1.0
6,Min Sum,Full-Contraction,1.0,1494.611123334138,76,0,1.0
6,Min Sum,Full-Contraction,1.0,1328.479387065396,68,0,1.0
6,Min Sum,Full-Contraction,1.0,954.5214042184236,52,0,1.0
6,Min Sum,Full-Contraction,1.0,1462.2478899521602,74,0,1.0
6,Min Sum,Full-Contraction,1.0,954.5214042184236,48,0,1.0
6,Min Sum,Full-Contraction,1.0,1462.2478899521602,74,0,1.0
6,Min Sum,Full-Contraction,1.0,1032.0379346789864,53,0,1.0
6,Min Sum,Full-Contraction,1.0,1609.3924527203235,81,0,1.0
6,Min Sum,Full-Contraction,1.0,1069.1324247120588,69,0,1.0
6,Min Sum,Full-Contraction,1.0,1328.479387065396,68,0,1.0
6,Min Sum,Full-Contraction,1.0,1151.6215718934232,59,0,1.0
6,Min Sum,Full-Contraction,1.0,954.5214042184236,48,0,1.0
6,Min Sum,Full-Contraction,1.0,1494.611123334138,76,0,1.0
6,Min Sum,Full-Contraction,1.0,1462.2478899521602,74,0,1.0
6,Min Sum,Full-Contraction,1.0,1049.3793474797885,54,0,1.0
6,Min Sum,Full-Contraction,1.0,1049.3793474797885,54,0,1.0
6,Min Sum,Full-Contraction,1.0,1387.1293242577053,71,0,1.0
6,Min Sum,Full-Contraction,1.0,1350.9198929478493,69,0,1.0
6,Min Sum,Full-Contraction,1.0,1060.3727932586507,55,0,1.0
6,Min Sum,Full-Contraction,1.0,1462.2478899521602,74,0,1.0
6,Min Sum,Full-Contraction,1.0,1328.479387065396,68,0,1.0
6,Min Sum,Full-Contraction,1.0,1318.555999717476,66,0,1.0
6,Min Sum,Full-Contraction,1.0,1060.3727932586507,55,0,1.0
6,Min Sum,Full-Contraction,1.0,1387.1293242577053,71,0,1.0
6,Min Sum,Full-Contraction,1.0,954.5214042184236,48,0,1.0
6,Min Sum,Full-Contraction,1.0,1049.3793474797885,54,0,1.0
6,Min Sum,Full-Contraction,1.0,1387.1293242577053,71,0,1.0
6,Min Sum,Full-Contraction,1.0,1328.479387065396,74,0,1.0
6,Min Sum,Full-Contraction,1.0,954.5214042184236,48,0,1.0
6,Min Sum,Full-Contraction,1.0,1387.1293242577053,71,0,1.0
6,Min Sum,Full-Contraction,1.0,1151.6215718934232,59,0,1.0
6,Min Sum,Full-Contraction,1.0,1161.203519731985,58,0,1.0
6,Min Sum,Full-Contraction,1.0,1197.527636710598,68,0,1.0
6,Min Sum,Full-Contraction,1.0,1161.203519731985,58,0,1.0
6,Min Sum,Full-Contraction,1.0,1161.203519731985,58,0,1.0
6,Min Sum,Full-Contraction,1.0,1408.1994714949883,72,0,1.0
6,Min Sum,Full-Contraction,1.0,1151.3856493144347,58,0,1.0
6,Min Sum,Full-Contraction,1.0,1032.0379346789864,53,0,1.0
6,Min Sum,Full-Contraction,1.0,1151.6215718934232,59,0,1.0
6,Min Sum,Full-Contraction,1.0,1151.6215718934232,59,0,1.0
6,Min Sum,Full-Contraction,1.0,1358.2770724995357,69,0,1.0
6,Min Sum,Full-Contraction,1.0,1350.9198929478493,69,0,1.0
6,Min Sum,Full-Contraction,1.0,1462.2478899521602,74,0,1.0
6,Min Sum,Full-Contraction,1.0,1223.767691543324,63,0,1.0
6,Min Sum,Full-Contraction,1.0,954.5214042184236,48,0,1.0
6,Min Sum,Full-Contraction,1.0,1151.6215718934232,59,0,1.0
6,Min Sum,Full-Contraction,1.0,954.5214042184236,48,0,1.0
6,Min Sum,Full-Contraction,1.0,954.5214042184236,48,0,1.0
6,Min Sum,Full-Contraction,1.0,1387.1293242577053,71,0,1.0
6,Min Sum,Full-Contraction,1.0,1328.479387065396,69,0,1.0
6,Min Sum,Full-Contraction,1.0,1060.3727932586507,55,0,1.0
6,Min Sum,Full-Contraction,1.0,1350.9198929478493,69,0,1.0
6,Min Sum,Full-Contraction,1.0,1032.0379346789864,52,0,1.0
6,Min Sum,Full-Contraction,1.0,1179.5112082178339,61,0,1.0
6,Min Sum,Full-Contraction,1.0,1223.767691543324,63,0,1.0
6,Min Sum,Full-Contraction,1.0,1387.1293242577053,71,0,1.0
6,Min Sum,Full-Contraction,1.0,890.6375701670086,52,0,1.0
6,Min Sum,Full-Contraction,1.0,1282.7652132783724,65,0,1.0
6,Min Sum,Full-Contraction,1.0,1142.2893480014752,66,0,1.0
6,Min Sum,Full-Contraction,1.0,1317.2642494367099,66,0,1.0
6,Min Sum,Full-Contraction,1.0,1274.2707795953104,66,0,1.0
6,Min Sum,Full-Contraction,1.0,1246.6140481921602,64,0,1.0
6,Min Sum,Full-Contraction,1.0,1166.460273714798,68,0,1.0
6,Min Sum,Full-Contraction,1.0,1355.3361014121651,77,0,1.0
6,Min Sum,Full-Contraction,1.0,1166.460273714798,68,0,1.0
6,Min Sum,Full-Contraction,1.0,1258.4896858826323,72,0,1.0
6,Min Sum,Full-Contraction,1.0,1166.460273714798,68,0,1.0
6,Min Sum,Full-Contraction,1.0,1442.3482912111288,72,0,1.0
6,Min Sum,Full-Contraction,1.0,1142.2893480014752,66,0,1.0
6,Min Sum,Full-Contraction,1.0,1427.6633491018165,72,0,1.0
6,Min Sum,Full-Contraction,1.0,1116.348571682447,66,0,1.0
6,Min Sum,Full-Contraction,1.0,1246.6140481921602,64,0,1.0
6,Min Sum,Full-Contraction,1.0,1431.5095191872006,81,0,1.0
6,Min Sum,Full-Contraction,1.0,1300.2071770109435,66,0,1.0
6,Min Sum,Full-Contraction,1.0,1324.3824816276615,68,0,1.0
6,Min Sum,Full-Contraction,1.0,1246.6140481921602,63,0,1.0
6,Min Sum,Full-Contraction,1.0,1168.225745417108,59,0,1.0
6,Min Sum,Full-Contraction,1.0,1258.4896858826323,72,0,1.0
6,Min Sum,Full-Contraction,1.0,1355.3361014121651,77,0,1.0
6,Min Sum,Full-Contraction,1.0,918.6102214206358,56,0,1.0
6,Min Sum,Full-Contraction,1.0,1054.09255338946,56,0,1.0
6,Min Sum,Full-Contraction,1.0,1116.348571682447,66,0,1.0
6,Min Sum,Full-Contraction,1.0,1166.460273714798,68,0,1.0
6,Min Sum,Full-Contraction,1.0,1300.2071770109435,66,0,1.0
6,Min Sum,Full-Contraction,1.0,1116.348571682447,66,0,1.0
6,Min Sum,Full-Contraction,1.0,1300.2071770109435,68,0,1.0
6,Min Sum,Full-Contraction,1.0,1116.348571682447,66,0,1.0
6,Min Sum,Full-Contraction,1.0,1300.2071770109435,66,0,1.0
6,Min Sum,Full-Contraction,1.0,1054.09255338946,54,0,1.0
6,Min Sum,Full-Contraction,1.0,1168.225745417108,59,0,1.0
6,Min Sum,Full-Contraction,1.0,1000.8019568131265,56,0,1.0
6,Min Sum,Full-Contraction,1.0,1442.3482912111288,72,0,1.0
6,Min Sum,Full-Contraction,1.0,1166.460273714798,68,0,1.0
6,Min Sum,Full-Contraction,1.0,1054.09255338946,59,0,1.0
6,Min Sum,Full-Contraction,1.0,1166.460273714798,68,0,1.0
6,Min Sum,Full-Contraction,1.0,1565.2070435212258,78,0,1.0
6,Min Sum,Full-Contraction,1.0,1168.225745417108,59,0,1.0
6,Min Sum,Full-Contraction,1.0,1166.460273714798,68,0,1.0
6,Min Sum,Full-Contraction,1.0,1246.6140481921602,64,0,1.0
6,Min Sum,Full-Contraction,1.0,1246.6140481921602,64,0,1.0
6,Min Sum,Full-Contraction,1.0,1256.8288158627392,68,0,1.0
6,Min Sum,Full-Contraction,1.0,1147.0821179526724,60,0,1.0
6,Min Sum,Full-Contraction,1.0,1246.6140481921602,64,0,1.0
6,Min Sum,Full-Contraction,1.0,1246.6140481921602,63,0,1.0
6,Min Sum,Full-Contraction,1.0,1246.6140481921602,63,0,1.0
6,Min Sum,Full-Contraction,1.0,1028.1561559738268,58,0,1.0
6,Min Sum,Full-Contraction,1.0,870.2339480609634,54,0,1.0
6,Min Sum,Full-Contraction,1.0,1116.348571682447,66,0,1.0
6,Min Sum,Full-Contraction,1.0,1227.8394780823512,66,0,1.0
6,Min Sum,Full-Contraction,1.0,1246.6140481921602,63,0,1.0
6,Min Sum,Full-Contraction,1.0,1317.2642494367099,66,0,1.0
6,Min Sum,Full-Contraction,1.0,1246.6140481921602,63,0,1.0
6,Min Sum,Full-Contraction,1.0,1057.5651078548894,65,0,1.0
6,Min Sum,Full-Contraction,1.0,1166.460273714798,68,0,1.0
6,Min Sum,Full-Contraction,1.0,1166.460273714798,68,0,1.0
6,Min Sum,Full-Contraction,1.0,1300.2071770109435,66,0,1.0
6,Min Sum,Full-Contraction,1.0,1054.09255338946,54,0,1.0
6,Min Sum,Full-Contraction,1.0,1168.225745417108,59,0,1.0
6,Min Sum,Full-Contraction,1.0,1147.0821179526724,66,0,1.0
6,Min Sum,Full-Contraction,1.0,1078.8111219362916,59,0,1.0
6,Min Sum,Full-Contraction,1.0,1168.225745417108,59,0,1.0
6,Min Sum,Full-Contraction,1.0,1442.3482912111288,72,0,1.0
6,Min Sum,Full-Contraction,1.0,1217.008732545826,61,0,1.0
6,Min Sum,Full-Contraction,1.0,1092.9971408438084,61,0,1.0
6,Min Sum,Full-Contraction,1.0,1271.4792619456694,64,0,1.0
6,Min Sum,Full-Contraction,1.0,1217.008732545826,61,0,1.0
6,Min Sum,Full-Contraction,1.0,1217.008732545826,64,0,1.0
6,Min Sum,Full-Contraction,1.0,1023.3345472033855,64,0,1.0
6,Min Sum,Full-Contraction,1.0,1264.9110640673518,73,0,1.0
6,Min Sum,Full-Contraction,1.0,1019.803902718557,64,0,1.0
6,Min Sum,Full-Contraction,1.0,1176.4602927211006,69,0,1.0
6,Min Sum,Full-Contraction,1.0,1019.803902718557,64,0,1.0
6,Min Sum,Full-Contraction,1.0,1370.134478063541,69,0,1.0
6,Min Sum,Full-Contraction,1.0,1092.9971408438084,61,0,1.0
6,Min Sum,Full-Contraction,1.0,1370.134478063541,69,0,1.0
6,Min Sum,Full-Contraction,1.0,1023.3345472033855,61,0,1.0
6,Min Sum,Full-Contraction,1.0,1217.008732545826,64,0,1.0
6,Min Sum,Full-Contraction,1.0,1345.790780115538,77,0,1.0
6,Min Sum,Full-Contraction,1.0,1092.9971408438084,61,0,1.0
6,Min Sum,Full-Contraction,1.0,1271.4792619456694,64,0,1.0
6,Min Sum,Full-Contraction,1.0,1023.3345472033855,61,0,1.0
6,Min Sum,Full-Contraction,1.0,1092.9971408438084,55,0,1.0
6,Min Sum,Full-Contraction,1.0,1176.4602927211006,69,0,1.0
6,Min Sum,Full-Contraction,1.0,1264.9110640673518,73,0,1.0
6,Min Sum,Full-Contraction,1.0,1019.803902718557,52,0,1.0
6,Min Sum,Full-Contraction,1.0,1019.803902718557,52,0,1.0
6,Min Sum,Full-Contraction,1.0,899.3229555013679,61,0,1.0
6,Min Sum,Full-Contraction,1.0,1077.8050766032288,64,0,1.0
6,Min Sum,Full-Contraction,1.0,1217.008732545826,61,0,1.0
6,Min Sum,Full-Contraction,1.0,1092.9971408438084,61,0,1.0
6,Min Sum,Full-Contraction,1.0,1217.008732545826,64,0,1.0
6,Min Sum,Full-Contraction,1.0,1023.3345472033855,61,0,1.0
6,Min Sum,Full-Contraction,1.0,1217.008732545826,61,0,1.0
6,Min Sum,Full-Contraction,1.0,1019.803902718557,52,0,1.0
6,Min Sum,Full-Contraction,1.0,1019.803902718557,55,0,1.0
6,Min Sum,Full-Contraction,1.0,934.166020071207,52,0,1.0
6,Min Sum,Full-Contraction,1.0,1370.134478063541,69,0,1.0
6,Min Sum,Full-Contraction,1.0,1077.8050766032288,64,0,1.0
6,Min Sum,Full-Contraction,1.0,1019.803902718557,55,0,1.0
6,Min Sum,Full-Contraction,1.0,1019.803902718557,64,0,1.0
6,Min Sum,Full-Contraction,1.0,1499.851445020445,75,0,1.0
6,Min Sum,Full-Contraction,1.0,1092.9971408438084,55,0,1.0
6,Min Sum,Full-Contraction,1.0,1077.8050766032288,64,0,1.0
6,Min Sum,Full-Contraction,1.0,1217.008732545826,64,0,1.0
6,Min Sum,Full-Contraction,1.0,1217.008732545826,64,0,1.0
6,Min Sum,Full-Contraction,1.0,1217.008732545826,64,0,1.0
6,Min Sum,Full-Contraction,1.0,1092.9971408438084,61,0,1.0
6,Min Sum,Full-Contraction,1.0,1217.008732545826,64,0,1.0
6,Min Sum,Full-Contraction,1.0,1217.008732545826,61,0,1.0
6,Min Sum,Full-Contraction,1.0,1217.008732545826,61,0,1.0
6,Min Sum,Full-Contraction,1.0,1019.803902718557,55,0,1.0
6,Min Sum,Full-Contraction,1.0,1019.803902718557,52,0,1.0
6,Min Sum,Full-Contraction,1.0,848.5281374238571,61,0,1.0
6,Min Sum,Full-Contraction,1.0,1217.008732545826,61,0,1.0
6,Min Sum,Full-Contraction,1.0,1217.008732545826,61,0,1.0
6,Min Sum,Full-Contraction,1.0,1271.4792619456694,64,0,1.0
6,Min Sum,Full-Contraction,1.0,1217.008732545826,61,0,1.0
6,Min Sum,Full-Contraction,1.0,1023.3345472033855,61,0,1.0
6,Min Sum,Full-Contraction,1.0,1019.803902718557,64,0,1.0
6,Min Sum,Full-Contraction,1.0,1077.8050766032288,64,0,1.0
6,Min Sum,Full-Contraction,1.0,1092.9971408438084,61,0,1.0
6,Min Sum,Full-Contraction,1.0,1019.803902718557,52,0,1.0
6,Min Sum,Full-Contraction,1.0,1092.9971408438084,55,0,1.0
6,Min Sum,Full-Contraction,1.0,1092.9971408438084,61,0,1.0
6,Min Sum,Full-Contraction,1.0,1092.9971408438084,55,0,1.0
6,Min Sum,Full-Contraction,1.0,1019.803902718557,55,0,1.0
6,Min Sum,Full-Contraction,1.0,1370.134478063541,69,0,1.0
6,Min Sum,Full-Contraction,1.0,1333.9608391554102,73,0,1.0
6,Min Sum,Full-Contraction,1.0,1468.5623371699874,73,0,1.0
6,Min Sum,Full-Contraction,1.0,1174.5488815060178,68,0,1.0
6,Min Sum,Full-Contraction,1.0,1264.9110640673516,73,0,1.0
6,Min Sum,Full-Contraction,1.0,1471.0330939284831,80,0,1.0
6,Min Sum,Full-Contraction,1.0,1350.3188790432944,74,0,1.0
6,Min Sum,Full-Contraction,1.0,1017.6376655100745,74,0,1.0
6,Min Sum,Full-Contraction,1.0,1080.8516764206674,68,0,1.0
6,Min Sum,Full-Contraction,1.0,1188.6940514040368,66,0,1.0
6,Min Sum,Full-Contraction,1.0,1302.8272434316852,65,0,1.0
6,Min Sum,Full-Contraction,1.0,1333.9608391554102,73,0,1.0
6,Min Sum,Full-Contraction,1.0,1186.9730374937265,73,0,1.0
6,Min Sum,Full-Contraction,1.0,1333.9608391554102,73,0,1.0
6,Min Sum,Full-Contraction,1.0,1468.5623371699874,73,0,1.0
6,Min Sum,Full-Contraction,1.0,1471.0330939284831,80,0,1.0
6,Min Sum,Full-Contraction,1.0,950.0839997451521,71,0,1.0
6,Min Sum,Full-Contraction,1.0,1213.4126199508687,61,0,1.0
6,Min Sum,Full-Contraction,1.0,1350.3188790432944,74,0,1.0
6,Min Sum,Full-Contraction,1.0,1211.6204674910184,70,0,1.0
6,Min Sum,Full-Contraction,1.0,1333.9608391554102,73,0,1.0
6,Min Sum,Full-Contraction,1.0,1054.0925533894597,64,0,1.0
6,Min Sum,Full-Contraction,1.0,1114.9351488407747,66,0,1.0
6,Min Sum,Full-Contraction,1.0,1302.8272434316852,65,0,1.0
6,Min Sum,Full-Contraction,1.0,1302.8272434316852,65,0,1.0
6,Min Sum,Full-Contraction,1.0,1323.295549418614,66,0,1.0
6,Min Sum,Full-Contraction,1.0,1213.4126199508687,68,0,1.0
6,Min Sum,Full-Contraction,1.0,1080.8516764206674,68,0,1.0
6,Min Sum,Full-Contraction,1.0,1468.5623371699874,73,0,1.0
6,Min Sum,Full-Contraction,1.0,1188.6940514040368,66,0,1.0
6,Min Sum,Full-Contraction,1.0,1362.4409760969284,68,0,1.0
6,Min Sum,Full-Contraction,1.0,1333.9608391554102,73,0,1.0
6,Min Sum,Full-Contraction,1.0,1041.706249742353,66,0,1.0
6,Min Sum,Full-Contraction,1.0,1333.9608391554102,73,0,1.0
6,Min Sum,Full-Contraction,1.0,1302.8272434316852,65,0,1.0
6,Min Sum,Full-Contraction,1.0,1323.295549418614,66,0,1.0
6,Min Sum,Full-Contraction,1.0,1468.5623371699874,73,0,1.0
6,Min Sum,Full-Contraction,1.0,1362.4409760969284,68,0,1.0
6,Min Sum,Full-Contraction,1.0,1323.295549418614,68,0,1.0
6,Min Sum,Full-Contraction,1.0,1317.2642494367096,72,0,1.0
6,Min Sum,Full-Contraction,1.0,1106.369910180185,68,0,1.0
6,Min Sum,Full-Contraction,1.0,1021.2379437554243,65,0,1.0
6,Min Sum,Full-Contraction,1.0,1471.0330939284831,80,0,1.0
6,Min Sum,Full-Contraction,1.0,1471.0330939284831,80,0,1.0
6,Min Sum,Full-Contraction,1.0,1188.6940514040368,66,0,1.0
6,Min Sum,Full-Contraction,1.0,1498.8715925022798,81,0,1.0
6,Min Sum,Full-Contraction,1.0,1471.0330939284831,80,0,1.0
6,Min Sum,Full-Contraction,1.0,1264.9110640673516,70,0,1.0
6,Min Sum,Full-Contraction,1.0,1264.9110640673516,70,0,1.0
6,Min Sum,Full-Contraction,1.0,1302.8272434316852,68,0,1.0
6,Min Sum,Full-Contraction,1.0,1213.4126199508687,66,0,1.0
6,Min Sum,Full-Contraction,1.0,1468.5623371699874,73,0,1.0
6,Min Sum,Full-Contraction,1.0,1350.3188790432944,74,0,1.0
6,Min Sum,Full-Contraction,1.0,1264.9110640673516,73,0,1.0
6,Min Sum,Full-Contraction,1.0,1174.5488815060178,68,0,1.0
6,Min Sum,Full-Contraction,1.0,1350.3188790432944,74,0,1.0
6,Min Sum,Full-Contraction,1.0,1362.4409760969284,68,0,1.0
6,Min Sum,Full-Contraction,1.0,1362.4409760969284,68,0,1.0
6,Min Sum,Full-Contraction,1.0,1213.4126199508687,61,0,1.0
6,Min Sum,Full-Contraction,1.0,1362.4409760969284,70,0,1.0
6,Min Sum,Full-Contraction,1.0,1213.4126199508687,61,0,1.0
6,Min Sum,Full-Contraction,1.0,1333.9608391554102,73,0,1.0
6,Min Sum,Full-Contraction,1.0,1188.6940514040368,66,0,1.0
6,Min Sum,Full-Contraction,1.0,1333.9608391554102,73,0,1.0
6,Min Sum,Full-Contraction,1.0,1362.4409760969284,68,0,1.0
6,Min Sum,Full-Contraction,1.0,1333.9608391554102,73,0,1.0
6,Min Sum,Full-Contraction,1.0,908.7584038913217,53,0,1.0
6,Min Sum,Full-Contraction,1.0,1392.1053598677306,70,0,1.0
6,Min Sum,Full-Contraction,1.0,1165.2099277644058,59,0,1.0
6,Min Sum,Full-Contraction,1.0,1265.653986666676,64,0,1.0
6,Min Sum,Full-Contraction,1.0,853.7498983243801,47,0,1.0
6,Min Sum,Full-Contraction,1.0,1476.4119091066013,74,0,1.0
6,Min Sum,Full-Contraction,1.0,1632.317361557718,82,0,1.0
6,Min Sum,Full-Contraction,1.0,1476.4119091066013,74,0,1.0
6,Min Sum,Full-Contraction,1.0,1620.6330836804611,81,0,1.0
6,Min Sum,Full-Contraction,1.0,1476.4119091066013,74,0,1.0
6,Min Sum,Full-Contraction,1.0,1104.36697964223,62,0,1.0
6,Min Sum,Full-Contraction,1.0,1392.1053598677306,70,0,1.0
6,Min Sum,Full-Contraction,1.0,987.9430626127405,57,0,1.0
6,Min Sum,Full-Contraction,1.0,1354.567646645721,70,0,1.0
6,Min Sum,Full-Contraction,1.0,956.7451800763995,49,0,1.0
6,Min Sum,Full-Contraction,1.0,1759.0055375882212,88,0,1.0
6,Min Sum,Full-Contraction,1.0,1155.3323673600937,69,0,1.0
6,Min Sum,Full-Contraction,1.0,1476.4119091066013,74,0,1.0
6,Min Sum,Full-Contraction,1.0,1165.2099277644058,59,0,1.0
6,Min Sum,Full-Contraction,1.0,912.2156084475578,52,0,1.0
6,Min Sum,Full-Contraction,1.0,1620.6330836804611,81,0,1.0
6,Min Sum,Full-Contraction,1.0,1632.317361557718,82,0,1.0
6,Min Sum,Full-Contraction,1.0,1194.017046801011,61,0,1.0
6,Min Sum,Full-Contraction,1.0,1194.017046801011,61,0,1.0
6,Min Sum,Full-Contraction,1.0,1354.567646645721,68,0,1.0
6,Min Sum,Full-Contraction,1.0,1476.4119091066013,74,0,1.0
6,Min Sum,Full-Contraction,1.0,1265.653986666676,64,0,1.0
6,Min Sum,Full-Contraction,1.0,1354.567646645721,70,0,1.0
6,Min Sum,Full-Contraction,1.0,1476.4119091066013,74,0,1.0
6,Min Sum,Full-Contraction,1.0,1354.567646645721,68,0,1.0
6,Min Sum,Full-Contraction,1.0,1265.653986666676,64,0,1.0
6,Min Sum,Full-Contraction,1.0,1354.567646645721,68,0,1.0
6,Min Sum,Full-Contraction,1.0,912.2156084475578,52,0,1.0
6,Min Sum,Full-Contraction,1.0,1194.017046801011,61,0,1.0
6,Min Sum,Full-Contraction,1.0,1104.36697964223,68,0,1.0
6,Min Sum,Full-Contraction,1.0,1392.1053598677306,74,0,1.0
6,Min Sum,Full-Contraction,1.0,1081.6254532853118,55,0,1.0
6,Min Sum,Full-Contraction,1.0,1476.4119091066013,74,0,1.0
6,Min Sum,Full-Contraction,1.0,1164.5473853819383,65,0,1.0
6,Min Sum,Full-Contraction,1.0,1022.8245091719377,52,0,1.0
6,Min Sum,Full-Contraction,1.0,1476.4119091066013,74,0,1.0
6,Min Sum,Full-Contraction,1.0,853.7498983243801,52,0,1.0
6,Min Sum,Full-Contraction,1.0,853.7498983243801,52,0,1.0
6,Min Sum,Full-Contraction,1.0,1476.4119091066013,75,0,1.0
6,Min Sum,Full-Contraction,1.0,912.215608447558,52,0,1.0
6,Min Sum,Full-Contraction,1.0,956.7451800763995,49,0,1.0
6,Min Sum,Full-Contraction,1.0,1165.2099277644058,59,0,1.0
6,Min Sum,Full-Contraction,1.0,1165.2099277644058,59,0,1.0
6,Min Sum,Full-Contraction,1.0,1413.899877764309,71,0,1.0
6,Min Sum,Full-Contraction,1.0,1362.2037551497615,69,0,1.0
6,Min Sum,Full-Contraction,1.0,1392.1053598677306,70,0,1.0
6,Min Sum,Full-Contraction,1.0,1354.567646645721,68,0,1.0
6,Min Sum,Full-Contraction,1.0,1081.6254532853118,55,0,1.0
6,Min Sum,Full-Contraction,1.0,1165.2099277644058,59,0,1.0
6,Min Sum,Full-Contraction,1.0,912.2156084475578,52,0,1.0
6,Min Sum,Full-Contraction,1.0,1081.6254532853118,55,0,1.0
6,Min Sum,Full-Contraction,1.0,1476.4119091066013,74,0,1.0
6,Min Sum,Full-Contraction,1.0,1476.4119091066013,74,0,1.0
6,Min Sum,Full-Contraction,1.0,1265.653986666676,64,0,1.0
6,Min Sum,Full-Contraction,1.0,1362.2037551497615,69,0,1.0
6,Min Sum,Full-Contraction,1.0,862.4642759181932,52,0,1.0
6,Min Sum,Full-Contraction,1.0,1354.567646645721,68,0,1.0
6,Min Sum,Full-Contraction,1.0,1339.0905576097475,67,0,1.0
6,Min Sum,Full-Contraction,1.0,1165.2099277644058,68,0,1.0
6,Min Sum,Full-Contraction,1.0,894.4271909999156,62,0,1.0
6,Min Sum,Full-Contraction,1.0,1302.8272434316852,73,0,1.0
6,Min Sum,Full-Contraction,1.0,1150.1022338269136,73,0,1.0
6,Min Sum,Full-Contraction,1.0,1302.8272434316852,68,0,1.0
6,Min Sum,Full-Contraction,1.0,1468.5623371699874,73,0,1.0
6,Min Sum,Full-Contraction,1.0,1324.0452922667992,80,0,1.0
6,Min Sum,Full-Contraction,1.0,1484.9203770578715,74,0,1.0
6,Min Sum,Full-Contraction,1.0,1484.9203770578715,74,0,1.0
6,Min Sum,Full-Contraction,1.0,1362.4409760969284,68,0,1.0
6,Min Sum,Full-Contraction,1.0,1323.295549418614,66,0,1.0
6,Min Sum,Full-Contraction,1.0,1302.8272434316852,65,0,1.0
6,Min Sum,Full-Contraction,1.0,1281.6836159672494,73,0,1.0
6,Min Sum,Full-Contraction,1.0,1188.694051404037,73,0,1.0
6,Min Sum,Full-Contraction,1.0,1188.694051404037,73,0,1.0
6,Min Sum,Full-Contraction,1.0,1188.694051404037,73,0,1.0
6,Min Sum,Full-Contraction,1.0,1399.512562081929,80,0,1.0
6,Min Sum,Full-Contraction,1.0,1375.7547778415847,71,0,1.0
6,Min Sum,Full-Contraction,1.0,1171.800686499504,61,0,1.0
6,Min Sum,Full-Contraction,1.0,1484.9203770578715,74,0,1.0
6,Min Sum,Full-Contraction,1.0,1399.512562081929,70,0,1.0
6,Min Sum,Full-Contraction,1.0,915.5068782381039,73,0,1.0
6,Min Sum,Full-Contraction,1.0,1240.071682515885,64,0,1.0
6,Min Sum,Full-Contraction,1.0,1261.2153099803206,66,0,1.0
6,Min Sum,Full-Contraction,1.0,1021.2379437554243,65,0,1.0
6,Min Sum,Full-Contraction,1.0,1302.8272434316852,65,0,1.0
6,Min Sum,Full-Contraction,1.0,1004.8354460755403,66,0,1.0
6,Min Sum,Full-Contraction,1.0,1188.694051404037,68,0,1.0
6,Min Sum,Full-Contraction,1.0,1162.757653988404,68,0,1.0
6,Min Sum,Full-Contraction,1.0,1188.694051404037,73,0,1.0
6,Min Sum,Full-Contraction,1.0,1093.791521376339,66,0,1.0
6,Min Sum,Full-Contraction,1.0,1080.8516764206674,68,0,1.0
6,Min Sum,Full-Contraction,1.0,1188.694051404037,73,0,1.0
6,Min Sum,Full-Contraction,1.0,1188.694051404037,66,0,1.0
6,Min Sum,Full-Contraction,1.0,1468.5623371699874,73,0,1.0
6,Min Sum,Full-Contraction,1.0,1302.8272434316852,65,0,1.0
6,Min Sum,Full-Contraction,1.0,1004.8354460755403,66,0,1.0
6,Min Sum,Full-Contraction,1.0,1150.1022338269136,73,0,1.0
6,Min Sum,Full-Contraction,1.0,1362.4409760969284,68,0,1.0
6,Min Sum,Full-Contraction,1.0,1362.4409760969284,68,0,1.0
6,Min Sum,Full-Contraction,1.0,1106.369910180185,72,0,1.0
6,Min Sum,Full-Contraction,1.0,1302.8272434316852,68,0,1.0
6,Min Sum,Full-Contraction,1.0,1021.2379437554243,65,0,1.0
6,Min Sum,Full-Contraction,1.0,1399.512562081929,80,0,1.0
6,Min Sum,Full-Contraction,1.0,1399.512562081929,80,0,1.0
6,Min Sum,Full-Contraction,1.0,1323.295549418614,66,0,1.0
6,Min Sum,Full-Contraction,1.0,1362.4409760969284,81,0,1.0
6,Min Sum,Full-Contraction,1.0,1399.512562081929,80,0,1.0
6,Min Sum,Full-Contraction,1.0,1399.512562081929,70,0,1.0
6,Min Sum,Full-Contraction,1.0,1399.512562081929,70,0,1.0
6,Min Sum,Full-Contraction,1.0,1323.295549418614,68,0,1.0
6,Min Sum,Full-Contraction,1.0,1323.295549418614,66,0,1.0
6,Min Sum,Full-Contraction,1.0,1188.694051404037,73,0,1.0
6,Min Sum,Full-Contraction,1.0,1484.9203770578715,74,0,1.0
6,Min Sum,Full-Contraction,1.0,1468.5623371699874,73,0,1.0
6,Min Sum,Full-Contraction,1.0,1362.4409760969284,68,0,1.0
6,Min Sum,Full-Contraction,1.0,1468.5623371699874,74,0,1.0
6,Min Sum,Full-Contraction,1.0,1362.4409760969284,68,0,1.0
6,Min Sum,Full-Contraction,1.0,1362.4409760969284,68,0,1.0
6,Min Sum,Full-Contraction,1.0,1171.800686499504,61,0,1.0
6,Min Sum,Full-Contraction,1.0,1362.4409760969284,70,0,1.0
6,Min Sum,Full-Contraction,1.0,1213.4126199508687,61,0,1.0
6,Min Sum,Full-Contraction,1.0,1302.8272434316852,73,0,1.0
6,Min Sum,Full-Contraction,1.0,1162.757653988404,66,0,1.0
6,Min Sum,Full-Contraction,1.0,1213.4126199508687,73,0,1.0
6,Min Sum,Full-Contraction,1.0,1080.8516764206674,68,0,1.0
6,Min Sum,Full-Contraction,1.0,1468.5623371699874,73,0,1.0
6,Min Sum,Full-Contraction,1.0,970.6813185707359,52,0,1.0
6,Min Sum,Full-Contraction,1.0,1333.6396497445526,74,0,1.0
6,Min Sum,Full-Contraction,1.0,1096.8666572369157,59,0,1.0
6,Min Sum,Full-Contraction,1.0,1023.1597431621337,55,0,1.0
6,Min Sum,Full-Contraction,1.0,1022.824509171938,54,0,1.0
6,Min Sum,Full-Contraction,1.0,1280.6248474865697,67,0,1.0
6,Min Sum,Full-Contraction,1.0,1417.9461989834235,74,0,1.0
6,Min Sum,Full-Contraction,1.0,1280.6248474865697,67,0,1.0
6,Min Sum,Full-Contraction,1.0,1444.4974506604397,75,0,1.0
6,Min Sum,Full-Contraction,1.0,1280.6248474865697,67,0,1.0
6,Min Sum,Full-Contraction,1.0,970.6813185707359,53,0,1.0
6,Min Sum,Full-Contraction,1.0,1259.1952457234042,74,0,1.0
6,Min Sum,Full-Contraction,1.0,760.2143676598787,50,0,1.0
6,Min Sum,Full-Contraction,1.0,1259.1952457234042,74,0,1.0
6,Min Sum,Full-Contraction,1.0,862.4642759181934,54,0,1.0
6,Min Sum,Full-Contraction,1.0,1562.167373557283,81,0,1.0
6,Min Sum,Full-Contraction,1.0,1203.3626335699685,68,0,1.0
6,Min Sum,Full-Contraction,1.0,1280.6248474865697,67,0,1.0
6,Min Sum,Full-Contraction,1.0,1096.8666572369157,59,0,1.0
6,Min Sum,Full-Contraction,1.0,970.6813185707359,50,0,1.0
6,Min Sum,Full-Contraction,1.0,1444.4974506604397,75,0,1.0
6,Min Sum,Full-Contraction,1.0,1417.9461989834235,74,0,1.0
6,Min Sum,Full-Contraction,1.0,1022.824509171938,54,0,1.0
6,Min Sum,Full-Contraction,1.0,1000.363300298365,54,0,1.0
6,Min Sum,Full-Contraction,1.0,1181.6384089568737,70,0,1.0
6,Min Sum,Full-Contraction,1.0,1299.111033667615,68,0,1.0
6,Min Sum,Full-Contraction,1.0,1023.1597431621337,55,0,1.0
6,Min Sum,Full-Contraction,1.0,1259.1952457234042,74,0,1.0
6,Min Sum,Full-Contraction,1.0,1280.6248474865697,67,0,1.0
6,Min Sum,Full-Contraction,1.0,1096.8666572369157,66,0,1.0
6,Min Sum,Full-Contraction,1.0,1023.1597431621337,55,0,1.0
6,Min Sum,Full-Contraction,1.0,1181.6384089568737,70,0,1.0
6,Min Sum,Full-Contraction,1.0,970.6813185707359,50,0,1.0
6,Min Sum,Full-Contraction,1.0,1000.363300298365,54,0,1.0
6,Min Sum,Full-Contraction,1.0,1181.6384089568737,70,0,1.0
6,Min Sum,Full-Contraction,1.0,1259.1952457234042,74,0,1.0
6,Min Sum,Full-Contraction,1.0,853.7498983243797,49,0,1.0
6,Min Sum,Full-Contraction,1.0,1299.111033667615,70,0,1.0
6,Min Sum,Full-Contraction,1.0,1096.8666572369157,59,0,1.0
6,Min Sum,Full-Contraction,1.0,956.7451800763997,58,0,1.0
6,Min Sum,Full-Contraction,1.0,1280.6248474865697,67,0,1.0
6,Min Sum,Full-Contraction,1.0,1058.8290104215432,58,0,1.0
6,Min Sum,Full-Contraction,1.0,1058.8290104215432,58,0,1.0
6,Min Sum,Full-Contraction,1.0,1355.434167641131,71,0,1.0
6,Min Sum,Full-Contraction,1.0,1165.209927764406,59,0,1.0
6,Min Sum,Full-Contraction,1.0,1058.8290104215432,54,0,1.0
6,Min Sum,Full-Contraction,1.0,1096.8666572369157,59,0,1.0
6,Min Sum,Full-Contraction,1.0,1096.8666572369157,59,0,1.0
6,Min Sum,Full-Contraction,1.0,1303.7380450265834,69,0,1.0
6,Min Sum,Full-Contraction,1.0,1296.101936522543,68,0,1.0
6,Min Sum,Full-Contraction,1.0,1259.1952457234042,74,0,1.0
6,Min Sum,Full-Contraction,1.0,1172.2309416621197,62,0,1.0
6,Min Sum,Full-Contraction,1.0,970.6813185707359,50,0,1.0
6,Min Sum,Full-Contraction,1.0,1096.8666572369157,59,0,1.0
6,Min Sum,Full-Contraction,1.0,912.215608447558,50,0,1.0
6,Min Sum,Full-Contraction,1.0,853.7498983243797,49,0,1.0
6,Min Sum,Full-Contraction,1.0,1299.111033667615,70,0,1.0
6,Min Sum,Full-Contraction,1.0,1203.3626335699685,68,0,1.0
6,Min Sum,Full-Contraction,1.0,1023.1597431621337,55,0,1.0
6,Min Sum,Full-Contraction,1.0,1296.101936522543,68,0,1.0
6,Min Sum,Full-Contraction,1.0,970.6813185707359,52,0,1.0
6,Min Sum,Full-Contraction,1.0,1135.5513366778332,61,0,1.0
6,Min Sum,Full-Contraction,1.0,1172.2309416621197,62,0,1.0
6,Min Sum,Full-Contraction,1.0,1299.111033667615,70,0,1.0
6,Min Sum,Full-Contraction,1.0,889.6820509885403,53,0,1.0
6,Min Sum,Full-Contraction,1.0,928.5592184789411,49,0,1.0
6,Min Sum,Full-Contraction,1.0,1226.011029141779,71,0,1.0
6,Min Sum,Full-Contraction,1.0,956.4403779139172,56,0,1.0
6,Min Sum,Full-Contraction,1.0,981.00457760125,55,0,1.0
6,Min Sum,Full-Contraction,1.0,1031.9258214370172,53,0,1.0
6,Min Sum,Full-Contraction,1.0,1136.5807611668852,66,0,1.0
6,Min Sum,Full-Contraction,1.0,1281.173101579841,73,0,1.0
6,Min Sum,Full-Contraction,1.0,1136.5807611668852,66,0,1.0
6,Min Sum,Full-Contraction,1.0,1294.491939423486,74,0,1.0
6,Min Sum,Full-Contraction,1.0,1218.0152861717063,66,0,1.0
6,Min Sum,Full-Contraction,1.0,958.8468721285537,54,0,1.0
6,Min Sum,Full-Contraction,1.0,1174.9691139692072,71,0,1.0
6,Min Sum,Full-Contraction,1.0,754.2472332656507,50,0,1.0
6,Min Sum,Full-Contraction,1.0,1174.9691139692072,71,0,1.0
6,Min Sum,Full-Contraction,1.0,1031.9258214370172,53,0,1.0
6,Min Sum,Full-Contraction,1.0,1419.0966923322896,80,0,1.0
6,Min Sum,Full-Contraction,1.0,961.6927332786406,66,0,1.0
6,Min Sum,Full-Contraction,1.0,1136.5807611668852,66,0,1.0
6,Min Sum,Full-Contraction,1.0,956.4403779139172,56,0,1.0
6,Min Sum,Full-Contraction,1.0,928.5592184789411,48,0,1.0
6,Min Sum,Full-Contraction,1.0,1294.491939423486,74,0,1.0
6,Min Sum,Full-Contraction,1.0,1281.173101579841,73,0,1.0
6,Min Sum,Full-Contraction,1.0,854.3903877656344,53,0,1.0
6,Min Sum,Full-Contraction,1.0,854.3903877656344,53,0,1.0
6,Min Sum,Full-Contraction,1.0,1152.1278412845656,67,0,1.0
6,Min Sum,Full-Contraction,1.0,1231.6705714542263,66,0,1.0
6,Min Sum,Full-Contraction,1.0,981.00457760125,55,0,1.0
6,Min Sum,Full-Contraction,1.0,1174.9691139692072,71,0,1.0
6,Min Sum,Full-Contraction,1.0,1136.5807611668852,66,0,1.0
6,Min Sum,Full-Contraction,1.0,1081.5431858739987,62,0,1.0
6,Min Sum,Full-Contraction,1.0,981.00457760125,55,0,1.0
6,Min Sum,Full-Contraction,1.0,1152.1278412845656,67,0,1.0
6,Min Sum,Full-Contraction,1.0,928.5592184789411,48,0,1.0
6,Min Sum,Full-Contraction,1.0,854.3903877656344,53,0,1.0
6,Min Sum,Full-Contraction,1.0,1152.1278412845656,67,0,1.0
6,Min Sum,Full-Contraction,1.0,1218.0152861717063,71,0,1.0
6,Min Sum,Full-Contraction,1.0,898.8931029196472,46,0,1.0
6,Min Sum,Full-Contraction,1.0,1231.6705714542263,67,0,1.0
6,Min Sum,Full-Contraction,1.0,1043.1272582834617,58,0,1.0
6,Min Sum,Full-Contraction,1.0,848.5281374238568,55,0,1.0
6,Min Sum,Full-Contraction,1.0,1136.5807611668852,66,0,1.0
6,Min Sum,Full-Contraction,1.0,848.5281374238568,55,0,1.0
6,Min Sum,Full-Contraction,1.0,1031.9258214370172,55,0,1.0
6,Min Sum,Full-Contraction,1.0,1218.0152861717063,69,0,1.0
6,Min Sum,Full-Contraction,1.0,1119.175699385754,57,0,1.0
6,Min Sum,Full-Contraction,1.0,1031.9258214370172,53,0,1.0
6,Min Sum,Full-Contraction,1.0,920.954095249436,56,0,1.0
6,Min Sum,Full-Contraction,1.0,920.954095249436,56,0,1.0
6,Min Sum,Full-Contraction,1.0,1136.5807611668852,66,0,1.0
6,Min Sum,Full-Contraction,1.0,1120.7439091145413,66,0,1.0
6,Min Sum,Full-Contraction,1.0,1174.9691139692072,71,0,1.0
6,Min Sum,Full-Contraction,1.0,1081.5431858739987,61,0,1.0
6,Min Sum,Full-Contraction,1.0,802.7921942530854,48,0,1.0
6,Min Sum,Full-Contraction,1.0,920.954095249436,56,0,1.0
6,Min Sum,Full-Contraction,1.0,898.893102919647,48,0,1.0
6,Min Sum,Full-Contraction,1.0,751.0237848075581,46,0,1.0
6,Min Sum,Full-Contraction,1.0,1231.6705714542263,67,0,1.0
6,Min Sum,Full-Contraction,1.0,1218.0152861717063,66,0,1.0
6,Min Sum,Full-Contraction,1.0,981.00457760125,55,0,1.0
6,Min Sum,Full-Contraction,1.0,1120.7439091145413,66,0,1.0
6,Min Sum,Full-Contraction,1.0,928.5592184789411,49,0,1.0
6,Min Sum,Full-Contraction,1.0,1000.1086608691776,60,0,1.0
6,Min Sum,Full-Contraction,1.0,1018.5607889047594,61,0,1.0
6,Min Sum,Full-Contraction,1.0,1231.6705714542263,67,0,1.0
6,Min Sum,Full-Contraction,1.0,958.8468721285537,54,0,1.0
6,Min Sum,Full-Contraction,1.0,1054.0925533894597,55,0,1.0
6,Min Sum,Full-Contraction,1.0,1442.3482912111285,72,0,1.0
6,Min Sum,Full-Contraction,1.0,1054.0925533894597,56,0,1.0
6,Min Sum,Full-Contraction,1.0,1078.8111219362913,55,0,1.0
6,Min Sum,Full-Contraction,1.0,1188.6940514040368,60,0,1.0
6,Min Sum,Full-Contraction,1.0,1098.9066079498755,65,0,1.0
6,Min Sum,Full-Contraction,1.0,1243.8047437733196,72,0,1.0
6,Min Sum,Full-Contraction,1.0,1098.9066079498755,65,0,1.0
6,Min Sum,Full-Contraction,1.0,1258.4896858826319,72,0,1.0
6,Min Sum,Full-Contraction,1.0,1102.468826749132,65,0,1.0
6,Min Sum,Full-Contraction,1.0,1052.8747245206587,55,0,1.0
6,Min Sum,Full-Contraction,1.0,1442.3482912111285,72,0,1.0
6,Min Sum,Full-Contraction,1.0,1028.156155973827,55,0,1.0
6,Min Sum,Full-Contraction,1.0,1442.3482912111285,72,0,1.0
6,Min Sum,Full-Contraction,1.0,1188.6940514040368,60,0,1.0
6,Min Sum,Full-Contraction,1.0,1381.3484381927292,78,0,1.0
6,Min Sum,Full-Contraction,1.0,1300.2071770109433,66,0,1.0
6,Min Sum,Full-Contraction,1.0,1121.1457205370393,65,0,1.0
6,Min Sum,Full-Contraction,1.0,1102.468826749132,56,0,1.0
6,Min Sum,Full-Contraction,1.0,853.6110165128089,55,0,1.0
6,Min Sum,Full-Contraction,1.0,1258.4896858826319,72,0,1.0
6,Min Sum,Full-Contraction,1.0,1243.8047437733196,72,0,1.0
6,Min Sum,Full-Contraction,1.0,1054.0925533894597,54,0,1.0
6,Min Sum,Full-Contraction,1.0,844.2975506453303,54,0,1.0
6,Min Sum,Full-Contraction,1.0,1350.3188790432944,68,0,1.0
6,Min Sum,Full-Contraction,1.0,1256.8288158627392,66,0,1.0
6,Min Sum,Full-Contraction,1.0,1028.1561559738268,54,0,1.0
6,Min Sum,Full-Contraction,1.0,1442.3482912111285,72,0,1.0
6,Min Sum,Full-Contraction,1.0,1098.9066079498755,65,0,1.0
6,Min Sum,Full-Contraction,1.0,1282.765213278372,65,0,1.0
6,Min Sum,Full-Contraction,1.0,870.2339480609631,55,0,1.0
6,Min Sum,Full-Contraction,1.0,1350.3188790432944,68,0,1.0
6,Min Sum,Full-Contraction,1.0,853.6110165128089,55,0,1.0
6,Min Sum,Full-Contraction,1.0,844.2975506453303,54,0,1.0
6,Min Sum,Full-Contraction,1.0,1350.3188790432944,68,0,1.0
6,Min Sum,Full-Contraction,1.0,1442.3482912111285,72,0,1.0
6,Min Sum,Full-Contraction,1.0,1028.1561559738268,53,0,1.0
6,Min Sum,Full-Contraction,1.0,1350.3188790432944,68,0,1.0
6,Min Sum,Full-Contraction,1.0,1162.757653988404,60,0,1.0
6,Min Sum,Full-Contraction,1.0,1147.0821179526724,58,0,1.0
6,Min Sum,Full-Contraction,1.0,1168.225745417108,65,0,1.0
6,Min Sum,Full-Contraction,1.0,963.4939459805541,60,0,1.0
6,Min Sum,Full-Contraction,1.0,1147.0821179526724,60,0,1.0
6,Min Sum,Full-Contraction,1.0,1256.8288158627392,68,0,1.0
6,Min Sum,Full-Contraction,1.0,1264.9110640673516,64,0,1.0
6,Min Sum,Full-Contraction,1.0,1188.6940514040368,60,0,1.0
6,Min Sum,Full-Contraction,1.0,877.2687213256495,56,0,1.0
6,Min Sum,Full-Contraction,1.0,918.6102214206355,56,0,1.0
6,Min Sum,Full-Contraction,1.0,1028.1561559738268,66,0,1.0
6,Min Sum,Full-Contraction,1.0,1300.2071770109433,66,0,1.0
6,Min Sum,Full-Contraction,1.0,1442.3482912111285,72,0,1.0
6,Min Sum,Full-Contraction,1.0,1121.1457205370393,59,0,1.0
6,Min Sum,Full-Contraction,1.0,1078.8111219362913,55,0,1.0
6,Min Sum,Full-Contraction,1.0,945.8320147499749,56,0,1.0
6,Min Sum,Full-Contraction,1.0,1078.8111219362913,55,0,1.0
6,Min Sum,Full-Contraction,1.0,1028.1561559738268,53,0,1.0
6,Min Sum,Full-Contraction,1.0,1350.3188790432944,68,0,1.0
6,Min Sum,Full-Contraction,1.0,1300.2071770109433,66,0,1.0
6,Min Sum,Full-Contraction,1.0,1028.1561559738268,54,0,1.0
6,Min Sum,Full-Contraction,1.0,1300.2071770109433,66,0,1.0
6,Min Sum,Full-Contraction,1.0,1054.0925533894597,55,0,1.0
6,Min Sum,Full-Contraction,1.0,1121.1457205370393,58,0,1.0
6,Min Sum,Full-Contraction,1.0,1078.8111219362913,59,0,1.0
6,Min Sum,Full-Contraction,1.0,1350.3188790432944,68,0,1.0
6,Min Sum,Full-Contraction,1.0,1052.8747245206587,55,0,1.0
6,Min Sum,Full-Contraction,1.0,1054.1014484893767,57,0,1.0
6,Min Sum,Full-Contraction,1.0,1361.988439317417,71,0,1.0
6,Min Sum,Full-Contraction,1.0,1174.1762982678429,59,0,1.0
6,Min Sum,Full-Contraction,1.0,1342.8159448143856,68,0,1.0
6,Min Sum,Full-Contraction,1.0,822.1938220117615,45,0,1.0
6,Min Sum,Full-Contraction,1.0,1535.0430011594144,77,0,1.0
6,Min Sum,Full-Contraction,1.0,1697.5800779670544,85,0,1.0
6,Min Sum,Full-Contraction,1.0,1535.0430011594144,77,0,1.0
6,Min Sum,Full-Contraction,1.0,1670.1682147120355,83,0,1.0
6,Min Sum,Full-Contraction,1.0,1535.0430011594144,77,0,1.0
6,Min Sum,Full-Contraction,1.0,1250.8177806026008,66,0,1.0
6,Min Sum,Full-Contraction,1.0,1361.988439317417,71,0,1.0
6,Min Sum,Full-Contraction,1.0,1122.5822056439197,60,0,1.0
6,Min Sum,Full-Contraction,1.0,1422.9588803802335,71,0,1.0
6,Min Sum,Full-Contraction,1.0,935.7112565078799,48,0,1.0
6,Min Sum,Full-Contraction,1.0,1816.5175165302003,90,0,1.0
6,Min Sum,Full-Contraction,1.0,1342.8159448143856,69,0,1.0
6,Min Sum,Full-Contraction,1.0,1535.0430011594144,77,0,1.0
6,Min Sum,Full-Contraction,1.0,1174.1762982678429,59,0,1.0
6,Min Sum,Full-Contraction,1.0,1043.71762634255,56,0,1.0
6,Min Sum,Full-Contraction,1.0,1670.1682147120355,83,0,1.0
6,Min Sum,Full-Contraction,1.0,1697.5800779670544,85,0,1.0
6,Min Sum,Full-Contraction,1.0,1254.550543001003,63,0,1.0
6,Min Sum,Full-Contraction,1.0,1254.550543001003,63,0,1.0
6,Min Sum,Full-Contraction,1.0,1422.9588803802335,71,0,1.0
6,Min Sum,Full-Contraction,1.0,1535.0430011594144,77,0,1.0
6,Min Sum,Full-Contraction,1.0,1342.8159448143856,68,0,1.0
6,Min Sum,Full-Contraction,1.0,1422.9588803802335,71,0,1.0
6,Min Sum,Full-Contraction,1.0,1535.0430011594144,77,0,1.0
6,Min Sum,Full-Contraction,1.0,1422.9588803802335,71,0,1.0
6,Min Sum,Full-Contraction,1.0,1342.8159448143856,68,0,1.0
6,Min Sum,Full-Contraction,1.0,1335.163083671119,67,0,1.0
6,Min Sum,Full-Contraction,1.0,1043.71762634255,56,0,1.0
6,Min Sum,Full-Contraction,1.0,1254.550543001003,63,0,1.0
6,Min Sum,Full-Contraction,1.0,1250.8177806026008,67,0,1.0
6,Min Sum,Full-Contraction,1.0,1535.0430011594144,77,0,1.0
6,Min Sum,Full-Contraction,1.0,1155.0398991902166,58,0,1.0
6,Min Sum,Full-Contraction,1.0,1535.0430011594144,77,0,1.0
6,Min Sum,Full-Contraction,1.0,1304.412655046874,69,0,1.0
6,Min Sum,Full-Contraction,1.0,1043.71762634255,56,0,1.0
6,Min Sum,Full-Contraction,1.0,1535.0430011594144,77,0,1.0
6,Min Sum,Full-Contraction,1.0,963.3912531645567,49,0,1.0
6,Min Sum,Full-Contraction,1.0,963.3912531645567,49,0,1.0
6,Min Sum,Full-Contraction,1.0,1535.0430011594144,77,0,1.0
6,Min Sum,Full-Contraction,1.0,1043.71762634255,56,0,1.0
6,Min Sum,Full-Contraction,1.0,822.1938220117615,48,0,1.0
6,Min Sum,Full-Contraction,1.0,1174.1762982678429,59,0,1.0
6,Min Sum,Full-Contraction,1.0,1174.1762982678429,59,0,1.0
6,Min Sum,Full-Contraction,1.0,1436.8184185038488,72,0,1.0
6,Min Sum,Full-Contraction,1.0,1365.3830961096905,69,0,1.0
6,Min Sum,Full-Contraction,1.0,1350.4024479121883,68,0,1.0
6,Min Sum,Full-Contraction,1.0,1422.9588803802335,71,0,1.0
6,Min Sum,Full-Contraction,1.0,1043.71762634255,58,0,1.0
6,Min Sum,Full-Contraction,1.0,1174.1762982678429,59,0,1.0
6,Min Sum,Full-Contraction,1.0,1043.71762634255,56,0,1.0
6,Min Sum,Full-Contraction,1.0,1155.0398991902166,58,0,1.0
6,Min Sum,Full-Contraction,1.0,1365.3830961096905,77,0,1.0
6,Min Sum,Full-Contraction,1.0,1535.0430011594144,77,0,1.0
6,Min Sum,Full-Contraction,1.0,1342.8159448143856,68,0,1.0
6,Min Sum,Full-Contraction,1.0,1365.3830961096905,69,0,1.0
6,Min Sum,Full-Contraction,1.0,1043.71762634255,56,0,1.0
6,Min Sum,Full-Contraction,1.0,1422.9588803802335,71,0,1.0
6,Min Sum,Full-Contraction,1.0,1387.3965765295213,70,0,1.0
6,Min Sum,Full-Contraction,1.0,1174.1762982678429,67,0,1.0
6,Min Sum,Full-Contraction,1.0,1250.8177806026008,66,0,1.0
6,Min Sum,Full-Contraction,1.0,954.8196361357311,54,0,1.0
6,Min Sum,Full-Contraction,1.0,1370.4959414710627,70,0,1.0
6,Min Sum,Full-Contraction,1.0,1182.7198958468937,59,0,1.0
6,Min Sum,Full-Contraction,1.0,1307.2553357030115,65,0,1.0
6,Min Sum,Full-Contraction,1.0,810.001662645837,46,0,1.0
6,Min Sum,Full-Contraction,1.0,1511.519001852495,75,0,1.0
6,Min Sum,Full-Contraction,1.0,1669.796621831186,83,0,1.0
6,Min Sum,Full-Contraction,1.0,1511.519001852495,75,0,1.0
6,Min Sum,Full-Contraction,1.0,1652.6392887579357,82,0,1.0
6,Min Sum,Full-Contraction,1.0,1284.725301885163,75,0,1.0
6,Min Sum,Full-Contraction,1.0,1150.8524982452152,64,0,1.0
6,Min Sum,Full-Contraction,1.0,1370.4959414710627,70,0,1.0
6,Min Sum,Full-Contraction,1.0,1030.1140936938325,58,0,1.0
6,Min Sum,Full-Contraction,1.0,1393.0630927663676,70,0,1.0
6,Min Sum,Full-Contraction,1.0,963.3912531645567,49,0,1.0
6,Min Sum,Full-Contraction,1.0,1793.82509785398,89,0,1.0
6,Min Sum,Full-Contraction,1.0,1229.6261430954582,69,0,1.0
6,Min Sum,Full-Contraction,1.0,1511.519001852495,75,0,1.0
6,Min Sum,Full-Contraction,1.0,1182.7198958468937,59,0,1.0
6,Min Sum,Full-Contraction,1.0,1066.1103838647398,54,0,1.0
6,Min Sum,Full-Contraction,1.0,1652.6392887579357,82,0,1.0
6,Min Sum,Full-Contraction,1.0,1669.796621831186,83,0,1.0
6,Min Sum,Full-Contraction,1.0,1229.6261430954582,62,0,1.0
6,Min Sum,Full-Contraction,1.0,1229.6261430954582,62,0,1.0
6,Min Sum,Full-Contraction,1.0,1393.0630927663676,70,0,1.0
6,Min Sum,Full-Contraction,1.0,1511.519001852495,75,0,1.0
6,Min Sum,Full-Contraction,1.0,1307.2553357030115,65,0,1.0
6,Min Sum,Full-Contraction,1.0,1393.0630927663676,70,0,1.0
6,Min Sum,Full-Contraction,1.0,1511.519001852495,75,0,1.0
6,Min Sum,Full-Contraction,1.0,1393.0630927663676,70,0,1.0
6,Min Sum,Full-Contraction,1.0,1307.2553357030115,65,0,1.0
6,Min Sum,Full-Contraction,1.0,1362.8430803277959,68,0,1.0
6,Min Sum,Full-Contraction,1.0,1066.1103838647398,54,0,1.0
6,Min Sum,Full-Contraction,1.0,1229.6261430954582,62,0,1.0
6,Min Sum,Full-Contraction,1.0,1362.8430803277959,68,0,1.0
6,Min Sum,Full-Contraction,1.0,1511.519001852495,75,0,1.0
6,Min Sum,Full-Contraction,1.0,1121.8120991791482,57,0,1.0
6,Min Sum,Full-Contraction,1.0,1511.519001852495,75,0,1.0
6,Min Sum,Full-Contraction,1.0,1208.673743182262,67,0,1.0
6,Min Sum,Full-Contraction,1.0,1017.2848196605676,54,0,1.0
6,Min Sum,Full-Contraction,1.0,1511.519001852495,75,0,1.0
6,Min Sum,Full-Contraction,1.0,790.4911196932358,52,0,1.0
6,Min Sum,Full-Contraction,1.0,790.4911196932358,52,0,1.0
6,Min Sum,Full-Contraction,1.0,1511.519001852495,76,0,1.0
6,Min Sum,Full-Contraction,1.0,943.2527552040881,54,0,1.0
6,Min Sum,Full-Contraction,1.0,963.3912531645567,49,0,1.0
6,Min Sum,Full-Contraction,1.0,1182.7198958468937,59,0,1.0
6,Min Sum,Full-Contraction,1.0,1182.7198958468937,59,0,1.0
6,Min Sum,Full-Contraction,1.0,1436.5752391434903,72,0,1.0
6,Min Sum,Full-Contraction,1.0,1378.0824445688652,69,0,1.0
6,Min Sum,Full-Contraction,1.0,1307.2553357030115,70,0,1.0
6,Min Sum,Full-Contraction,1.0,1393.0630927663676,70,0,1.0
6,Min Sum,Full-Contraction,1.0,1121.8120991791482,57,0,1.0
6,Min Sum,Full-Contraction,1.0,1182.7198958468937,59,0,1.0
6,Min Sum,Full-Contraction,1.0,1066.1103838647398,54,0,1.0
6,Min Sum,Full-Contraction,1.0,1121.8120991791482,57,0,1.0
6,Min Sum,Full-Contraction,1.0,1511.519001852495,75,0,1.0
6,Min Sum,Full-Contraction,1.0,1511.519001852495,75,0,1.0
6,Min Sum,Full-Contraction,1.0,1307.2553357030115,65,0,1.0
6,Min Sum,Full-Contraction,1.0,1378.0824445688652,69,0,1.0
6,Min Sum,Full-Contraction,1.0,1066.1103838647398,54,0,1.0
6,Min Sum,Full-Contraction,1.0,1393.0630927663676,70,0,1.0
6,Min Sum,Full-Contraction,1.0,1370.4959414710627,69,0,1.0
6,Min Sum,Full-Contraction,1.0,1089.0187520694453,68,0,1.0
6,Min Sum,Full-Contraction,1.0,1150.8524982452152,64,0,1.0
6,Min Sum,Full-Contraction,1.0,1044.892871927207,53,0,1.0
6,Min Sum,Full-Contraction,1.0,1285.1748951732786,65,0,1.0
6,Min Sum,Full-Contraction,1.0,908.7584038913217,52,0,1.0
6,Min Sum,Full-Contraction,1.0,1044.892871927207,53,0,1.0
6,Min Sum,Full-Contraction,1.0,1006.8187845156153,60,0,1.0
6,Min Sum,Full-Contraction,1.0,1135.5513366778332,60,0,1.0
6,Min Sum,Full-Contraction,1.0,1296.101936522543,67,0,1.0
6,Min Sum,Full-Contraction,1.0,1135.5513366778332,60,0,1.0
6,Min Sum,Full-Contraction,1.0,1280.6248474865697,66,0,1.0
6,Min Sum,Full-Contraction,1.0,942.8090415820634,60,0,1.0
6,Min Sum,Full-Contraction,1.0,1044.892871927207,56,0,1.0
6,Min Sum,Full-Contraction,1.0,1285.1748951732786,65,0,1.0
6,Min Sum,Full-Contraction,1.0,987.9430626127405,56,0,1.0
6,Min Sum,Full-Contraction,1.0,1285.1748951732786,65,0,1.0
6,Min Sum,Full-Contraction,1.0,896.4948370288703,60,0,1.0
6,Min Sum,Full-Contraction,1.0,1417.9461989834235,73,0,1.0
6,Min Sum,Full-Contraction,1.0,1096.8666572369157,58,0,1.0
6,Min Sum,Full-Contraction,1.0,1135.5513366778332,60,0,1.0
6,Min Sum,Full-Contraction,1.0,898.2794699532218,51,0,1.0
6,Min Sum,Full-Contraction,1.0,871.6307481361473,53,0,1.0
6,Min Sum,Full-Contraction,1.0,1280.6248474865697,66,0,1.0
6,Min Sum,Full-Contraction,1.0,1296.101936522543,67,0,1.0
6,Min Sum,Full-Contraction,1.0,942.8090415820635,48,0,1.0
6,Min Sum,Full-Contraction,1.0,942.8090415820635,48,0,1.0
6,Min Sum,Full-Contraction,1.0,1189.4264950756321,60,0,1.0
6,Min Sum,Full-Contraction,1.0,1131.370849898476,60,0,1.0
6,Min Sum,Full-Contraction,1.0,964.3587990487598,51,0,1.0
6,Min Sum,Full-Contraction,1.0,1285.1748951732786,65,0,1.0
6,Min Sum,Full-Contraction,1.0,1135.5513366778332,60,0,1.0
6,Min Sum,Full-Contraction,1.0,1131.370849898476,57,0,1.0
6,Min Sum,Full-Contraction,1.0,964.3587990487598,53,0,1.0
6,Min Sum,Full-Contraction,1.0,1189.4264950756321,60,0,1.0
6,Min Sum,Full-Contraction,1.0,871.6307481361473,53,0,1.0
6,Min Sum,Full-Contraction,1.0,942.8090415820635,48,0,1.0
6,Min Sum,Full-Contraction,1.0,1189.4264950756321,60,0,1.0
6,Min Sum,Full-Contraction,1.0,1285.1748951732786,65,0,1.0
6,Min Sum,Full-Contraction,1.0,956.7451800763997,49,0,1.0
6,Min Sum,Full-Contraction,1.0,1189.4264950756321,60,0,1.0
6,Min Sum,Full-Contraction,1.0,1113.2582204079508,62,0,1.0
6,Min Sum,Full-Contraction,1.0,1008.8883706776019,51,0,1.0
6,Min Sum,Full-Contraction,1.0,1135.5513366778332,60,0,1.0
6,Min Sum,Full-Contraction,1.0,1180.0809083066752,60,0,1.0
6,Min Sum,Full-Contraction,1.0,896.4948370288703,60,0,1.0
6,Min Sum,Full-Contraction,1.0,1172.2309416621197,61,0,1.0
6,Min Sum,Full-Contraction,1.0,1216.7605132909619,61,0,1.0
6,Min Sum,Full-Contraction,1.0,1006.8187845156153,60,0,1.0
6,Min Sum,Full-Contraction,1.0,898.2794699532216,51,0,1.0
6,Min Sum,Full-Contraction,1.0,898.2794699532216,51,0,1.0
6,Min Sum,Full-Contraction,1.0,1106.7442176412278,58,0,1.0
6,Min Sum,Full-Contraction,1.0,1096.8666572369157,58,0,1.0
6,Min Sum,Full-Contraction,1.0,1285.1748951732786,65,0,1.0
6,Min Sum,Full-Contraction,1.0,1000.363300298365,54,0,1.0
6,Min Sum,Full-Contraction,1.0,1044.892871927207,53,0,1.0
6,Min Sum,Full-Contraction,1.0,908.7584038913217,52,0,1.0
6,Min Sum,Full-Contraction,1.0,1044.892871927207,54,0,1.0
6,Min Sum,Full-Contraction,1.0,956.7451800763997,49,0,1.0
6,Min Sum,Full-Contraction,1.0,1189.4264950756321,60,0,1.0
6,Min Sum,Full-Contraction,1.0,1096.8666572369157,60,0,1.0
6,Min Sum,Full-Contraction,1.0,956.7451800763997,51,0,1.0
6,Min Sum,Full-Contraction,1.0,1096.8666572369157,58,0,1.0
6,Min Sum,Full-Contraction,1.0,942.8090415820635,53,0,1.0
6,Min Sum,Full-Contraction,1.0,1023.1597431621337,54,0,1.0
6,Min Sum,Full-Contraction,1.0,1044.892871927207,53,0,1.0
6,Min Sum,Full-Contraction,1.0,1189.4264950756321,60,0,1.0
6,Min Sum,Full-Contraction,1.0,1044.892871927207,56,0,1.0
6,Min Sum,Full-Contraction,1.0,1032.0379346789864,52,0,1.0
6,Min Sum,Full-Contraction,1.0,1388.1105659031082,76,0,1.0
6,Min Sum,Full-Contraction,1.0,1151.6215718934232,63,0,1.0
6,Min Sum,Full-Contraction,1.0,1015.8571981592947,65,0,1.0
6,Min Sum,Full-Contraction,1.0,862.0953811462043,51,0,1.0
6,Min Sum,Full-Contraction,1.0,1238.7200501925477,76,0,1.0
6,Min Sum,Full-Contraction,1.0,1398.8517893151447,83,0,1.0
6,Min Sum,Full-Contraction,1.0,1238.7200501925477,76,0,1.0
6,Min Sum,Full-Contraction,1.0,1289.7494325107214,83,0,1.0
6,Min Sum,Full-Contraction,1.0,1238.7200501925477,76,0,1.0
6,Min Sum,Full-Contraction,1.0,1228.9021797749974,62,0,1.0
6,Min Sum,Full-Contraction,1.0,1388.1105659031082,76,0,1.0
6,Min Sum,Full-Contraction,1.0,839.5773574136924,56,0,1.0
6,Min Sum,Full-Contraction,1.0,1408.1994714949883,76,0,1.0
6,Min Sum,Full-Contraction,1.0,862.0953811462043,54,0,1.0
6,Min Sum,Full-Contraction,1.0,1521.4438992364414,89,0,1.0
6,Min Sum,Full-Contraction,1.0,1350.9198929478493,73,0,1.0
6,Min Sum,Full-Contraction,1.0,1388.1105659031082,76,0,1.0
6,Min Sum,Full-Contraction,1.0,1151.6215718934232,63,0,1.0
6,Min Sum,Full-Contraction,1.0,839.5773574136924,52,0,1.0
6,Min Sum,Full-Contraction,1.0,1289.7494325107214,83,0,1.0
6,Min Sum,Full-Contraction,1.0,1398.8517893151447,83,0,1.0
6,Min Sum,Full-Contraction,1.0,839.5773574136924,62,0,1.0
6,Min Sum,Full-Contraction,1.0,839.5773574136924,62,0,1.0
6,Min Sum,Full-Contraction,1.0,1388.1105659031082,73,0,1.0
6,Min Sum,Full-Contraction,1.0,1350.9198929478493,76,0,1.0
6,Min Sum,Full-Contraction,1.0,1032.0379346789864,65,0,1.0
6,Min Sum,Full-Contraction,1.0,1408.1994714949883,76,0,1.0
6,Min Sum,Full-Contraction,1.0,1238.7200501925477,76,0,1.0
6,Min Sum,Full-Contraction,1.0,1118.1334581772512,70,0,1.0
6,Min Sum,Full-Contraction,1.0,1015.8571981592947,65,0,1.0
6,Min Sum,Full-Contraction,1.0,1358.2770724995357,73,0,1.0
6,Min Sum,Full-Contraction,1.0,1032.0379346789864,52,0,1.0
6,Min Sum,Full-Contraction,1.0,839.5773574136924,62,0,1.0
6,Min Sum,Full-Contraction,1.0,1358.2770724995357,73,0,1.0
6,Min Sum,Full-Contraction,1.0,1408.1994714949883,76,0,1.0
6,Min Sum,Full-Contraction,1.0,1032.0379346789864,56,0,1.0
6,Min Sum,Full-Contraction,1.0,1358.2770724995357,76,0,1.0
6,Min Sum,Full-Contraction,1.0,1151.6215718934232,65,0,1.0
6,Min Sum,Full-Contraction,1.0,1049.3793474797885,58,0,1.0
6,Min Sum,Full-Contraction,1.0,1238.7200501925477,76,0,1.0
6,Min Sum,Full-Contraction,1.0,1049.3793474797885,58,0,1.0
6,Min Sum,Full-Contraction,1.0,1049.3793474797885,58,0,1.0
6,Min Sum,Full-Contraction,1.0,1251.4667915105845,78,0,1.0
6,Min Sum,Full-Contraction,1.0,890.6375701670086,56,0,1.0
6,Min Sum,Full-Contraction,1.0,862.0953811462043,54,0,1.0
6,Min Sum,Full-Contraction,1.0,1151.6215718934232,63,0,1.0
6,Min Sum,Full-Contraction,1.0,1151.6215718934232,63,0,1.0
6,Min Sum,Full-Contraction,1.0,1151.6215718934232,75,0,1.0
6,Min Sum,Full-Contraction,1.0,1350.9198929478493,73,0,1.0
6,Min Sum,Full-Contraction,1.0,1408.1994714949883,76,0,1.0
6,Min Sum,Full-Contraction,1.0,1118.1334581772512,70,0,1.0
6,Min Sum,Full-Contraction,1.0,1032.0379346789864,56,0,1.0
6,Min Sum,Full-Contraction,1.0,1151.6215718934232,63,0,1.0
6,Min Sum,Full-Contraction,1.0,839.5773574136924,52,0,1.0
6,Min Sum,Full-Contraction,1.0,839.5773574136924,56,0,1.0
6,Min Sum,Full-Contraction,1.0,1350.9198929478493,76,0,1.0
6,Min Sum,Full-Contraction,1.0,1350.9198929478493,76,0,1.0
6,Min Sum,Full-Contraction,1.0,1015.8571981592947,65,0,1.0
6,Min Sum,Full-Contraction,1.0,1350.9198929478493,73,0,1.0
6,Min Sum,Full-Contraction,1.0,839.5773574136924,52,0,1.0
6,Min Sum,Full-Contraction,1.0,1118.1334581772512,70,0,1.0
6,Min Sum,Full-Contraction,1.0,1015.1208015691236,70,0,1.0
6,Min Sum,Full-Contraction,1.0,1358.2770724995357,73,0,1.0
6,Min Sum,Full-Contraction,1.0,1228.9021797749974,62,0,1.0
6,Min Sum,Full-Contraction,1.0,1143.5525657806552,71,0,1.0
6,Min Sum,Full-Contraction,1.0,1161.2035197319847,71,0,1.0
6,Min Sum,Full-Contraction,1.0,1304.0926495682977,69,0,1.0
6,Min Sum,Full-Contraction,1.0,1331.9822858927087,71,0,1.0
6,Min Sum,Full-Contraction,1.0,1328.4793870653962,78,0,1.0
6,Min Sum,Full-Contraction,1.0,1376.2387692181987,73,0,1.0
6,Min Sum,Full-Contraction,1.0,1414.9998909381497,73,0,1.0
6,Min Sum,Full-Contraction,1.0,1238.7200501925477,65,0,1.0
6,Min Sum,Full-Contraction,1.0,1367.885635245546,68,0,1.0
6,Min Sum,Full-Contraction,1.0,1143.5525657806552,62,0,1.0
6,Min Sum,Full-Contraction,1.0,1284.8680302001044,71,0,1.0
6,Min Sum,Full-Contraction,1.0,1161.2035197319847,71,0,1.0
6,Min Sum,Full-Contraction,1.0,1197.527636710598,71,0,1.0
6,Min Sum,Full-Contraction,1.0,1161.2035197319847,71,0,1.0
6,Min Sum,Full-Contraction,1.0,1328.4793870653962,78,0,1.0
6,Min Sum,Full-Contraction,1.0,1517.2761509561062,76,0,1.0
6,Min Sum,Full-Contraction,1.0,1161.2035197319847,60,0,1.0
6,Min Sum,Full-Contraction,1.0,1376.2387692181987,73,0,1.0
6,Min Sum,Full-Contraction,1.0,1313.5104901250634,70,0,1.0
6,Min Sum,Full-Contraction,1.0,897.7237399820438,71,0,1.0
6,Min Sum,Full-Contraction,1.0,1367.885635245546,68,0,1.0
6,Min Sum,Full-Contraction,1.0,1414.9998909381497,71,0,1.0
6,Min Sum,Full-Contraction,1.0,991.0814881057806,62,0,1.0
6,Min Sum,Full-Contraction,1.0,1143.5525657806552,62,0,1.0
6,Min Sum,Full-Contraction,1.0,1085.329303582516,64,0,1.0
6,Min Sum,Full-Contraction,1.0,1060.372793258651,65,0,1.0
6,Min Sum,Full-Contraction,1.0,1161.2035197319847,65,0,1.0
6,Min Sum,Full-Contraction,1.0,968.7429424666907,71,0,1.0
6,Min Sum,Full-Contraction,1.0,968.7429424666907,64,0,1.0
6,Min Sum,Full-Contraction,1.0,1161.2035197319847,65,0,1.0
6,Min Sum,Full-Contraction,1.0,1161.2035197319847,71,0,1.0
6,Min Sum,Full-Contraction,1.0,1049.3793474797885,64,0,1.0
6,Min Sum,Full-Contraction,1.0,897.7237399820438,71,0,1.0
6,Min Sum,Full-Contraction,1.0,1143.5525657806552,62,0,1.0
6,Min Sum,Full-Contraction,1.0,1002.3116985370747,68,0,1.0
6,Min Sum,Full-Contraction,1.0,897.7237399820438,71,0,1.0
6,Min Sum,Full-Contraction,1.0,1212.8438709335255,65,0,1.0
6,Min Sum,Full-Contraction,1.0,1284.8680302001044,65,0,1.0
6,Min Sum,Full-Contraction,1.0,1442.2205101855957,76,0,1.0
6,Min Sum,Full-Contraction,1.0,1143.5525657806552,65,0,1.0
6,Min Sum,Full-Contraction,1.0,991.0814881057806,62,0,1.0
6,Min Sum,Full-Contraction,1.0,1328.4793870653962,78,0,1.0
6,Min Sum,Full-Contraction,1.0,1049.3793474797885,78,0,1.0
6,Min Sum,Full-Contraction,1.0,1250.6094842894395,64,0,1.0
6,Min Sum,Full-Contraction,1.0,1212.8438709335255,78,0,1.0
6,Min Sum,Full-Contraction,1.0,1328.4793870653962,78,0,1.0
6,Min Sum,Full-Contraction,1.0,1313.5104901250634,70,0,1.0
6,Min Sum,Full-Contraction,1.0,1313.5104901250634,70,0,1.0
6,Min Sum,Full-Contraction,1.0,1201.850425154663,65,0,1.0
6,Min Sum,Full-Contraction,1.0,1201.850425154663,64,0,1.0
6,Min Sum,Full-Contraction,1.0,1161.2035197319847,71,0,1.0
6,Min Sum,Full-Contraction,1.0,1376.2387692181987,73,0,1.0
6,Min Sum,Full-Contraction,1.0,1331.9822858927087,71,0,1.0
6,Min Sum,Full-Contraction,1.0,1304.0926495682977,69,0,1.0
6,Min Sum,Full-Contraction,1.0,1331.9822858927087,73,0,1.0
6,Min Sum,Full-Contraction,1.0,1212.8438709335255,65,0,1.0
6,Min Sum,Full-Contraction,1.0,1212.8438709335255,65,0,1.0
6,Min Sum,Full-Contraction,1.0,1201.4153074981073,62,0,1.0
6,Min Sum,Full-Contraction,1.0,1212.8438709335255,70,0,1.0
6,Min Sum,Full-Contraction,1.0,1201.4153074981073,60,0,1.0
6,Min Sum,Full-Contraction,1.0,1143.5525657806552,71,0,1.0
6,Min Sum,Full-Contraction,1.0,1161.2035197319847,64,0,1.0
6,Min Sum,Full-Contraction,1.0,1179.511208217834,71,0,1.0
6,Min Sum,Full-Contraction,1.0,1060.372793258651,65,0,1.0
6,Min Sum,Full-Contraction,1.0,1331.9822858927087,71,0,1.0
6,Min Sum,Full-Contraction,1.0,826.1297173761164,55,0,1.0
6,Min Sum,Full-Contraction,1.0,1271.4792619456694,64,0,1.0
6,Min Sum,Full-Contraction,1.0,899.3229555013679,55,0,1.0
6,Min Sum,Full-Contraction,1.0,1217.008732545826,61,0,1.0
6,Min Sum,Full-Contraction,1.0,1092.9971408438084,55,0,1.0
6,Min Sum,Full-Contraction,1.0,1370.134478063541,69,0,1.0
6,Min Sum,Full-Contraction,1.0,1539.4649654579785,77,0,1.0
6,Min Sum,Full-Contraction,1.0,1370.134478063541,69,0,1.0
6,Min Sum,Full-Contraction,1.0,1499.851445020445,75,0,1.0
6,Min Sum,Full-Contraction,1.0,1176.4602927211006,69,0,1.0
6,Min Sum,Full-Contraction,1.0,1077.8050766032288,64,0,1.0
6,Min Sum,Full-Contraction,1.0,1271.4792619456694,64,0,1.0
6,Min Sum,Full-Contraction,1.0,1023.3345472033855,61,0,1.0
6,Min Sum,Full-Contraction,1.0,1077.8050766032288,64,0,1.0
6,Min Sum,Full-Contraction,1.0,1092.9971408438084,55,0,1.0
6,Min Sum,Full-Contraction,1.0,1650.0773764584164,82,0,1.0
6,Min Sum,Full-Contraction,1.0,1217.008732545826,61,0,1.0
6,Min Sum,Full-Contraction,1.0,1370.134478063541,69,0,1.0
6,Min Sum,Full-Contraction,1.0,826.1297173761164,52,0,1.0
6,Min Sum,Full-Contraction,1.0,934.166020071207,52,0,1.0
6,Min Sum,Full-Contraction,1.0,1499.851445020445,75,0,1.0
6,Min Sum,Full-Contraction,1.0,1539.4649654579785,77,0,1.0
6,Min Sum,Full-Contraction,1.0,1092.9971408438084,55,0,1.0
6,Min Sum,Full-Contraction,1.0,1092.9971408438084,55,0,1.0
6,Min Sum,Full-Contraction,1.0,1271.4792619456694,64,0,1.0
6,Min Sum,Full-Contraction,1.0,1217.008732545826,69,0,1.0
6,Min Sum,Full-Contraction,1.0,934.166020071207,61,0,1.0
6,Min Sum,Full-Contraction,1.0,1271.4792619456694,64,0,1.0
6,Min Sum,Full-Contraction,1.0,1370.134478063541,69,0,1.0
6,Min Sum,Full-Contraction,1.0,1092.9971408438084,64,0,1.0
6,Min Sum,Full-Contraction,1.0,934.166020071207,61,0,1.0
6,Min Sum,Full-Contraction,1.0,1217.008732545826,61,0,1.0
6,Min Sum,Full-Contraction,1.0,934.166020071207,52,0,1.0
6,Min Sum,Full-Contraction,1.0,1092.9971408438084,55,0,1.0
6,Min Sum,Full-Contraction,1.0,1217.008732545826,64,0,1.0
6,Min Sum,Full-Contraction,1.0,1370.134478063541,69,0,1.0
6,Min Sum,Full-Contraction,1.0,1019.803902718557,52,0,1.0
6,Min Sum,Full-Contraction,1.0,1217.008732545826,69,0,1.0
6,Min Sum,Full-Contraction,1.0,1176.4602927211006,69,0,1.0
6,Min Sum,Full-Contraction,1.0,934.166020071207,52,0,1.0
6,Min Sum,Full-Contraction,1.0,1370.134478063541,69,0,1.0
6,Min Sum,Full-Contraction,1.0,1019.803902718557,55,0,1.0
6,Min Sum,Full-Contraction,1.0,1019.803902718557,55,0,1.0
6,Min Sum,Full-Contraction,1.0,1370.134478063541,69,0,1.0
6,Min Sum,Full-Contraction,1.0,934.166020071207,55,0,1.0
6,Min Sum,Full-Contraction,1.0,1092.9971408438084,55,0,1.0
6,Min Sum,Full-Contraction,1.0,1019.803902718557,52,0,1.0
6,Min Sum,Full-Contraction,1.0,1019.803902718557,52,0,1.0
6,Min Sum,Full-Contraction,1.0,1271.4792619456694,64,0,1.0
6,Min Sum,Full-Contraction,1.0,1217.008732545826,61,0,1.0
6,Min Sum,Full-Contraction,1.0,1271.4792619456694,64,0,1.0
6,Min Sum,Full-Contraction,1.0,1271.4792619456694,64,0,1.0
6,Min Sum,Full-Contraction,1.0,1019.803902718557,52,0,1.0
6,Min Sum,Full-Contraction,1.0,1019.803902718557,55,0,1.0
6,Min Sum,Full-Contraction,1.0,934.166020071207,52,0,1.0
6,Min Sum,Full-Contraction,1.0,1019.803902718557,55,0,1.0
6,Min Sum,Full-Contraction,1.0,1217.008732545826,69,0,1.0
6,Min Sum,Full-Contraction,1.0,1217.008732545826,69,0,1.0
6,Min Sum,Full-Contraction,1.0,1217.008732545826,61,0,1.0
6,Min Sum,Full-Contraction,1.0,1217.008732545826,61,0,1.0
6,Min Sum,Full-Contraction,1.0,934.166020071207,52,0,1.0
6,Min Sum,Full-Contraction,1.0,1271.4792619456694,64,0,1.0
6,Min Sum,Full-Contraction,1.0,1217.008732545826,61,0,1.0
6,Min Sum,Full-Contraction,1.0,1217.008732545826,61,0,1.0
6,Min Sum,Full-Contraction,1.0,902.9986668237003,64,0,1.0
6,Min Sum,Full-Contraction,1.0,1124.3756542696046,69,0,1.0
6,Min Sum,Full-Contraction,1.0,1323.4562836465966,71,0,1.0
6,Min Sum,Full-Contraction,1.0,1281.3029638195258,65,0,1.0
6,Min Sum,Full-Contraction,1.0,1135.3196088799696,69,0,1.0
6,Min Sum,Full-Contraction,1.0,1310.656731080229,76,0,1.0
6,Min Sum,Full-Contraction,1.0,1110.7935859793733,70,0,1.0
6,Min Sum,Full-Contraction,1.0,1036.2733185086431,70,0,1.0
6,Min Sum,Full-Contraction,1.0,947.9696304861925,64,0,1.0
6,Min Sum,Full-Contraction,1.0,800.0000000000001,65,0,1.0
6,Min Sum,Full-Contraction,1.0,1135.3196088799696,62,0,1.0
6,Min Sum,Full-Contraction,1.0,1001.4234817889756,69,0,1.0
6,Min Sum,Full-Contraction,1.0,1323.4562836465966,71,0,1.0
6,Min Sum,Full-Contraction,1.0,1310.656731080229,69,0,1.0
6,Min Sum,Full-Contraction,1.0,1323.4562836465966,71,0,1.0
6,Min Sum,Full-Contraction,1.0,1310.656731080229,76,0,1.0
6,Min Sum,Full-Contraction,1.0,947.9696304861925,71,0,1.0
6,Min Sum,Full-Contraction,1.0,1090.2835614149458,60,0,1.0
6,Min Sum,Full-Contraction,1.0,1110.7935859793733,70,0,1.0
6,Min Sum,Full-Contraction,1.0,1310.656731080229,66,0,1.0
6,Min Sum,Full-Contraction,1.0,869.4702963848853,69,0,1.0
6,Min Sum,Full-Contraction,1.0,1122.354504210453,65,0,1.0
6,Min Sum,Full-Contraction,1.0,1036.2733185086431,65,0,1.0
6,Min Sum,Full-Contraction,1.0,1124.3756542696046,61,0,1.0
6,Min Sum,Full-Contraction,1.0,1124.3756542696046,61,0,1.0
6,Min Sum,Full-Contraction,1.0,1036.2733185086431,65,0,1.0
6,Min Sum,Full-Contraction,1.0,1090.2835614149458,65,0,1.0
6,Min Sum,Full-Contraction,1.0,1177.2738318468505,64,0,1.0
6,Min Sum,Full-Contraction,1.0,1323.4562836465966,71,0,1.0
6,Min Sum,Full-Contraction,1.0,1020.1537991727405,62,0,1.0
6,Min Sum,Full-Contraction,1.0,1207.0586544595772,65,0,1.0
6,Min Sum,Full-Contraction,1.0,1020.1537991727405,69,0,1.0
6,Min Sum,Full-Contraction,1.0,1187.349978393777,65,0,1.0
6,Min Sum,Full-Contraction,1.0,826.7836167327586,69,0,1.0
6,Min Sum,Full-Contraction,1.0,1124.3756542696046,61,0,1.0
6,Min Sum,Full-Contraction,1.0,1229.2725943057183,65,0,1.0
6,Min Sum,Full-Contraction,1.0,1323.4562836465966,71,0,1.0
6,Min Sum,Full-Contraction,1.0,1177.2738318468505,64,0,1.0
6,Min Sum,Full-Contraction,1.0,1187.349978393777,65,0,1.0
6,Min Sum,Full-Contraction,1.0,1392.096549798899,70,0,1.0
6,Min Sum,Full-Contraction,1.0,1135.3196088799696,64,0,1.0
6,Min Sum,Full-Contraction,1.0,1003.3664234758792,62,0,1.0
6,Min Sum,Full-Contraction,1.0,1310.656731080229,76,0,1.0
6,Min Sum,Full-Contraction,1.0,1310.656731080229,76,0,1.0
6,Min Sum,Full-Contraction,1.0,958.3303760108555,62,0,1.0
6,Min Sum,Full-Contraction,1.0,1177.2738318468505,77,0,1.0
6,Min Sum,Full-Contraction,1.0,1310.656731080229,76,0,1.0
6,Min Sum,Full-Contraction,1.0,1310.656731080229,66,0,1.0
6,Min Sum,Full-Contraction,1.0,1310.656731080229,66,0,1.0
6,Min Sum,Full-Contraction,1.0,1229.2725943057183,64,0,1.0
6,Min Sum,Full-Contraction,1.0,958.3303760108555,62,0,1.0
6,Min Sum,Full-Contraction,1.0,1323.4562836465966,71,0,1.0
6,Min Sum,Full-Contraction,1.0,1110.7935859793733,70,0,1.0
6,Min Sum,Full-Contraction,1.0,1310.656731080229,69,0,1.0
6,Min Sum,Full-Contraction,1.0,1281.3029638195258,65,0,1.0
6,Min Sum,Full-Contraction,1.0,1310.656731080229,70,0,1.0
6,Min Sum,Full-Contraction,1.0,947.9696304861925,64,0,1.0
6,Min Sum,Full-Contraction,1.0,1187.349978393777,65,0,1.0
6,Min Sum,Full-Contraction,1.0,1090.2835614149458,60,0,1.0
6,Min Sum,Full-Contraction,1.0,1177.2738318468505,66,0,1.0
6,Min Sum,Full-Contraction,1.0,1122.354504210453,60,0,1.0
6,Min Sum,Full-Contraction,1.0,1124.3756542696046,69,0,1.0
6,Min Sum,Full-Contraction,1.0,1020.1537991727405,62,0,1.0
6,Min Sum,Full-Contraction,1.0,1001.4234817889756,69,0,1.0
6,Min Sum,Full-Contraction,1.0,1207.0586544595772,65,0,1.0
6,Min Sum,Full-Contraction,1.0,1122.354504210453,69,0,1.0
6,Min Sum,Full-Contraction,1.0,975.9606865366568,58,0,1.0
6,Min Sum,Full-Contraction,1.0,1233.5004642927365,67,0,1.0
6,Min Sum,Full-Contraction,1.0,1023.0602004318044,60,0,1.0
6,Min Sum,Full-Contraction,1.0,1190.6520796758027,60,0,1.0
6,Min Sum,Full-Contraction,1.0,1000.0,65,0,1.0
6,Min Sum,Full-Contraction,1.0,1329.846977470955,67,0,1.0
6,Min Sum,Full-Contraction,1.0,1499.54980469555,75,0,1.0
6,Min Sum,Full-Contraction,1.0,1329.846977470955,67,0,1.0
6,Min Sum,Full-Contraction,1.0,1462.143688985298,73,0,1.0
6,Min Sum,Full-Contraction,1.0,1052.8083334134647,67,0,1.0
6,Min Sum,Full-Contraction,1.0,1023.0602004318043,65,0,1.0
6,Min Sum,Full-Contraction,1.0,1233.5004642927365,67,0,1.0
6,Min Sum,Full-Contraction,1.0,975.9606865366568,65,0,1.0
6,Min Sum,Full-Contraction,1.0,1233.5004642927365,67,0,1.0
6,Min Sum,Full-Contraction,1.0,984.3321362047222,65,0,1.0
6,Min Sum,Full-Contraction,1.0,1610.0753914327356,80,0,1.0
6,Min Sum,Full-Contraction,1.0,1190.6520796758027,62,0,1.0
6,Min Sum,Full-Contraction,1.0,1233.5004642927365,67,0,1.0
6,Min Sum,Full-Contraction,1.0,1023.0602004318044,59,0,1.0
6,Min Sum,Full-Contraction,1.0,975.9606865366568,58,0,1.0
6,Min Sum,Full-Contraction,1.0,1462.143688985298,73,0,1.0
6,Min Sum,Full-Contraction,1.0,1499.54980469555,75,0,1.0
6,Min Sum,Full-Contraction,1.0,1052.8083334134647,54,0,1.0
6,Min Sum,Full-Contraction,1.0,1052.8083334134647,54,0,1.0
6,Min Sum,Full-Contraction,1.0,1253.8888286041802,63,0,1.0
6,Min Sum,Full-Contraction,1.0,1052.8083334134647,67,0,1.0
6,Min Sum,Full-Contraction,1.0,1190.6520796758027,60,0,1.0
6,Min Sum,Full-Contraction,1.0,1233.5004642927365,67,0,1.0
6,Min Sum,Full-Contraction,1.0,1190.6520796758027,67,0,1.0
6,Min Sum,Full-Contraction,1.0,1023.0602004318043,62,0,1.0
6,Min Sum,Full-Contraction,1.0,1190.6520796758027,60,0,1.0
6,Min Sum,Full-Contraction,1.0,971.4801100821388,63,0,1.0
6,Min Sum,Full-Contraction,1.0,975.9606865366568,58,0,1.0
6,Min Sum,Full-Contraction,1.0,1052.8083334134647,54,0,1.0
6,Min Sum,Full-Contraction,1.0,1023.0602004318043,65,0,1.0
6,Min Sum,Full-Contraction,1.0,1047.4382589489135,67,0,1.0
6,Min Sum,Full-Contraction,1.0,991.1133530582142,52,0,1.0
6,Min Sum,Full-Contraction,1.0,1052.8083334134647,67,0,1.0
6,Min Sum,Full-Contraction,1.0,1023.0602004318044,71,0,1.0
6,Min Sum,Full-Contraction,1.0,896.4147996483268,54,0,1.0
6,Min Sum,Full-Contraction,1.0,1329.846977470955,67,0,1.0
6,Min Sum,Full-Contraction,1.0,984.3321362047222,65,0,1.0
6,Min Sum,Full-Contraction,1.0,1111.2872044275493,65,0,1.0
6,Min Sum,Full-Contraction,1.0,1338.8003689066122,67,0,1.0
6,Min Sum,Full-Contraction,1.0,1120.8329065290218,65,0,1.0
6,Min Sum,Full-Contraction,1.0,984.3321362047222,65,0,1.0
6,Min Sum,Full-Contraction,1.0,1023.0602004318044,59,0,1.0
6,Min Sum,Full-Contraction,1.0,1023.0602004318044,59,0,1.0
6,Min Sum,Full-Contraction,1.0,1253.8888286041802,63,0,1.0
6,Min Sum,Full-Contraction,1.0,940.651481909763,62,0,1.0
6,Min Sum,Full-Contraction,1.0,1190.6520796758027,67,0,1.0
6,Min Sum,Full-Contraction,1.0,1233.5004642927365,62,0,1.0
6,Min Sum,Full-Contraction,1.0,991.1133530582142,59,0,1.0
6,Min Sum,Full-Contraction,1.0,1023.0602004318044,60,0,1.0
6,Min Sum,Full-Contraction,1.0,984.3321362047222,60,0,1.0
6,Min Sum,Full-Contraction,1.0,991.1133530582142,58,0,1.0
6,Min Sum,Full-Contraction,1.0,1097.4952948390426,67,0,1.0
6,Min Sum,Full-Contraction,1.0,1052.8083334134647,67,0,1.0
6,Min Sum,Full-Contraction,1.0,1190.6520796758027,60,0,1.0
6,Min Sum,Full-Contraction,1.0,1223.0602004318043,62,0,1.0
6,Min Sum,Full-Contraction,1.0,1023.0602004318043,58,0,1.0
6,Min Sum,Full-Contraction,1.0,1190.6520796758027,62,0,1.0
6,Min Sum,Full-Contraction,1.0,1179.4537341969422,60,0,1.0
6,Min Sum,Full-Contraction,1.0,1253.8888286041802,63,0,1.0
6,Min Sum,Full-Contraction,1.0,869.8341036576328,65,0,1.0
6,Min Sum,Full-Contraction,1.0,1162.7576539884037,61,0,1.0
6,Min Sum,Full-Contraction,1.0,1171.800686499504,60,0,1.0
6,Min Sum,Full-Contraction,1.0,1238.9746666517187,65,0,1.0
6,Min Sum,Full-Contraction,1.0,1201.903080666718,63,0,1.0
6,Min Sum,Full-Contraction,1.0,1201.903080666718,67,0,1.0
6,Min Sum,Full-Contraction,1.0,1252.5580466291829,64,0,1.0
6,Min Sum,Full-Contraction,1.0,1437.4535289473229,72,0,1.0
6,Min Sum,Full-Contraction,1.0,1252.5580466291829,63,0,1.0
6,Min Sum,Full-Contraction,1.0,1358.6794077022419,68,0,1.0
6,Min Sum,Full-Contraction,1.0,945.8320147499746,63,0,1.0
6,Min Sum,Full-Contraction,1.0,1308.024441739777,68,0,1.0
6,Min Sum,Full-Contraction,1.0,1192.9443139639397,60,0,1.0
6,Min Sum,Full-Contraction,1.0,1324.3824816276615,69,0,1.0
6,Min Sum,Full-Contraction,1.0,1192.9443139639397,60,0,1.0
6,Min Sum,Full-Contraction,1.0,1201.903080666718,67,0,1.0
6,Min Sum,Full-Contraction,1.0,1523.5901610491114,76,0,1.0
6,Min Sum,Full-Contraction,1.0,1028.1561559738268,60,0,1.0
6,Min Sum,Full-Contraction,1.0,1192.9443139639397,64,0,1.0
6,Min Sum,Full-Contraction,1.0,1043.9808727538548,63,0,1.0
6,Min Sum,Full-Contraction,1.0,1052.8747245206584,59,0,1.0
6,Min Sum,Full-Contraction,1.0,1358.6794077022419,68,0,1.0
6,Min Sum,Full-Contraction,1.0,1437.4535289473229,72,0,1.0
6,Min Sum,Full-Contraction,1.0,996.4869807124394,51,0,1.0
6,Min Sum,Full-Contraction,1.0,996.4869807124394,54,0,1.0
6,Min Sum,Full-Contraction,1.0,1192.9443139639397,60,0,1.0
6,Min Sum,Full-Contraction,1.0,1002.6393726588685,63,0,1.0
6,Min Sum,Full-Contraction,1.0,1192.9443139639397,60,0,1.0
6,Min Sum,Full-Contraction,1.0,1192.9443139639397,60,0,1.0
6,Min Sum,Full-Contraction,1.0,1252.5580466291829,63,0,1.0
6,Min Sum,Full-Contraction,1.0,1192.9443139639397,60,0,1.0
6,Min Sum,Full-Contraction,1.0,1192.9443139639397,60,0,1.0
6,Min Sum,Full-Contraction,1.0,853.6110165128089,55,0,1.0
6,Min Sum,Full-Contraction,1.0,1002.2197585581938,59,0,1.0
6,Min Sum,Full-Contraction,1.0,996.4869807124394,51,0,1.0
6,Min Sum,Full-Contraction,1.0,1308.024441739777,68,0,1.0
6,Min Sum,Full-Contraction,1.0,1252.5580466291829,63,0,1.0
6,Min Sum,Full-Contraction,1.0,1052.8747245206584,56,0,1.0
6,Min Sum,Full-Contraction,1.0,945.8320147499746,63,0,1.0
6,Min Sum,Full-Contraction,1.0,1445.0966965128498,75,0,1.0
6,Min Sum,Full-Contraction,1.0,974.8655593974935,55,0,1.0
6,Min Sum,Full-Contraction,1.0,1252.5580466291829,63,0,1.0
6,Min Sum,Full-Contraction,1.0,1201.903080666718,67,0,1.0
6,Min Sum,Full-Contraction,1.0,1201.903080666718,67,0,1.0
6,Min Sum,Full-Contraction,1.0,1252.5580466291829,63,0,1.0
6,Min Sum,Full-Contraction,1.0,1098.9066079498757,66,0,1.0
6,Min Sum,Full-Contraction,1.0,1201.903080666718,67,0,1.0
6,Min Sum,Full-Contraction,1.0,1201.903080666718,63,0,1.0
6,Min Sum,Full-Contraction,1.0,1201.903080666718,63,0,1.0
6,Min Sum,Full-Contraction,1.0,1028.1561559738268,56,0,1.0
6,Min Sum,Full-Contraction,1.0,1052.8747245206584,55,0,1.0
6,Min Sum,Full-Contraction,1.0,894.952516607795,60,0,1.0
6,Min Sum,Full-Contraction,1.0,1192.9443139639397,64,0,1.0
6,Min Sum,Full-Contraction,1.0,1201.903080666718,63,0,1.0
6,Min Sum,Full-Contraction,1.0,1238.9746666517187,65,0,1.0
6,Min Sum,Full-Contraction,1.0,1201.903080666718,64,0,1.0
6,Min Sum,Full-Contraction,1.0,1004.8354460755403,61,0,1.0
6,Min Sum,Full-Contraction,1.0,1252.5580466291829,63,0,1.0
6,Min Sum,Full-Contraction,1.0,1002.6393726588685,63,0,1.0
6,Min Sum,Full-Contraction,1.0,1201.903080666718,63,0,1.0
6,Min Sum,Full-Contraction,1.0,1052.8747245206584,54,0,1.0
6,Min Sum,Full-Contraction,1.0,1078.8111219362913,59,0,1.0
6,Min Sum,Full-Contraction,1.0,1192.9443139639397,60,0,1.0
6,Min Sum,Full-Contraction,1.0,1078.8111219362913,59,0,1.0
6,Min Sum,Full-Contraction,1.0,1078.8111219362916,55,0,1.0
6,Min Sum,Full-Contraction,1.0,1308.024441739777,68,0,1.0
6,Min Sum,Full-Contraction,1.0,1306.606377991425,70,0,1.0
6,Min Sum,Full-Contraction,1.0,963.3912531645567,53,0,1.0
6,Min Sum,Full-Contraction,1.0,1283.4288279851291,72,0,1.0
6,Min Sum,Full-Contraction,1.0,1348.496740803595,72,0,1.0
6,Min Sum,Full-Contraction,1.0,1476.711007028578,79,0,1.0
6,Min Sum,Full-Contraction,1.0,1395.2021062618296,75,0,1.0
6,Min Sum,Full-Contraction,1.0,1395.2021062618296,75,0,1.0
6,Min Sum,Full-Contraction,1.0,1208.673743182262,66,0,1.0
6,Min Sum,Full-Contraction,1.0,1208.673743182262,66,0,1.0
6,Min Sum,Full-Contraction,1.0,935.7112565078799,52,0,1.0
6,Min Sum,Full-Contraction,1.0,1306.606377991425,70,0,1.0
6,Min Sum,Full-Contraction,1.0,963.3912531645567,53,0,1.0
6,Min Sum,Full-Contraction,1.0,1317.2399681679751,74,0,1.0
6,Min Sum,Full-Contraction,1.0,963.3912531645567,53,0,1.0
6,Min Sum,Full-Contraction,1.0,1476.711007028578,79,0,1.0
6,Min Sum,Full-Contraction,1.0,1208.673743182262,66,0,1.0
6,Min Sum,Full-Contraction,1.0,1061.3387554127685,56,0,1.0
6,Min Sum,Full-Contraction,1.0,1395.2021062618296,75,0,1.0
6,Min Sum,Full-Contraction,1.0,1348.496740803595,72,0,1.0
6,Min Sum,Full-Contraction,1.0,1306.606377991425,70,0,1.0
6,Min Sum,Full-Contraction,1.0,1150.8524982452152,63,0,1.0
6,Min Sum,Full-Contraction,1.0,1208.673743182262,66,0,1.0
6,Min Sum,Full-Contraction,1.0,1030.1140936938325,57,0,1.0
6,Min Sum,Full-Contraction,1.0,1092.6405397304702,63,0,1.0
6,Min Sum,Full-Contraction,1.0,963.3912531645567,49,0,1.0
6,Min Sum,Full-Contraction,1.0,935.7112565078799,51,0,1.0
6,Min Sum,Full-Contraction,1.0,1208.673743182262,66,0,1.0
6,Min Sum,Full-Contraction,1.0,963.3912531645567,53,0,1.0
6,Min Sum,Full-Contraction,1.0,1208.673743182262,66,0,1.0
6,Min Sum,Full-Contraction,1.0,963.3912531645567,51,0,1.0
6,Min Sum,Full-Contraction,1.0,1306.606377991425,70,0,1.0
6,Min Sum,Full-Contraction,1.0,1150.8524982452152,63,0,1.0
6,Min Sum,Full-Contraction,1.0,1306.606377991425,70,0,1.0
6,Min Sum,Full-Contraction,1.0,1030.1140936938325,57,0,1.0
6,Min Sum,Full-Contraction,1.0,1211.993505590971,69,0,1.0
6,Min Sum,Full-Contraction,1.0,935.7112565078799,53,0,1.0
6,Min Sum,Full-Contraction,1.0,1208.673743182262,66,0,1.0
6,Min Sum,Full-Contraction,1.0,935.7112565078799,51,0,1.0
6,Min Sum,Full-Contraction,1.0,1387.8821836088616,77,0,1.0
6,Min Sum,Full-Contraction,1.0,1150.8524982452152,63,0,1.0
6,Min Sum,Full-Contraction,1.0,935.7112565078799,52,0,1.0
6,Min Sum,Full-Contraction,1.0,1476.711007028578,79,0,1.0
6,Min Sum,Full-Contraction,1.0,1476.711007028578,79,0,1.0
6,Min Sum,Full-Contraction,1.0,1208.673743182262,66,0,1.0
6,Min Sum,Full-Contraction,1.0,1433.600027105935,76,0,1.0
6,Min Sum,Full-Contraction,1.0,1476.711007028578,79,0,1.0
6,Min Sum,Full-Contraction,1.0,1348.496740803595,72,0,1.0
6,Min Sum,Full-Contraction,1.0,1348.496740803595,72,0,1.0
6,Min Sum,Full-Contraction,1.0,1208.673743182262,66,0,1.0
6,Min Sum,Full-Contraction,1.0,1208.673743182262,66,0,1.0
6,Min Sum,Full-Contraction,1.0,1061.3387554127685,54,0,1.0
6,Min Sum,Full-Contraction,1.0,1395.2021062618296,75,0,1.0
6,Min Sum,Full-Contraction,1.0,1348.496740803595,72,0,1.0
6,Min Sum,Full-Contraction,1.0,1283.4288279851291,72,0,1.0
6,Min Sum,Full-Contraction,1.0,1395.2021062618296,75,0,1.0
6,Min Sum,Full-Contraction,1.0,1208.673743182262,66,0,1.0
6,Min Sum,Full-Contraction,1.0,935.7112565078799,51,0,1.0
6,Min Sum,Full-Contraction,1.0,935.7112565078799,48,0,1.0
6,Min Sum,Full-Contraction,1.0,1348.496740803595,72,0,1.0
6,Min Sum,Full-Contraction,1.0,1150.8524982452152,63,0,1.0
6,Min Sum,Full-Contraction,1.0,1306.606377991425,70,0,1.0
6,Min Sum,Full-Contraction,1.0,1208.673743182262,66,0,1.0
6,Min Sum,Full-Contraction,1.0,1306.606377991425,70,0,1.0
6,Min Sum,Full-Contraction,1.0,940.7425120037515,56,0,1.0
6,Min Sum,Full-Contraction,1.0,1365.3830961096905,70,0,1.0
6,Min Sum,Full-Contraction,1.0,826.1297173761164,55,0,1.0
6,Min Sum,Full-Contraction,1.0,1271.4792619456694,64,0,1.0
6,Min Sum,Full-Contraction,1.0,1019.803902718557,55,0,1.0
6,Min Sum,Full-Contraction,1.0,1217.008732545826,61,0,1.0
6,Min Sum,Full-Contraction,1.0,1092.9971408438084,55,0,1.0
6,Min Sum,Full-Contraction,1.0,1370.134478063541,69,0,1.0
6,Min Sum,Full-Contraction,1.0,1539.4649654579785,77,0,1.0
6,Min Sum,Full-Contraction,1.0,1370.134478063541,69,0,1.0
6,Min Sum,Full-Contraction,1.0,1499.851445020445,75,0,1.0
6,Min Sum,Full-Contraction,1.0,1176.4602927211006,69,0,1.0
6,Min Sum,Full-Contraction,1.0,1077.8050766032288,64,0,1.0
6,Min Sum,Full-Contraction,1.0,1271.4792619456694,64,0,1.0
6,Min Sum,Full-Contraction,1.0,1023.3345472033855,61,0,1.0
6,Min Sum,Full-Contraction,1.0,1271.4792619456694,64,0,1.0
6,Min Sum,Full-Contraction,1.0,1092.9971408438084,55,0,1.0
6,Min Sum,Full-Contraction,1.0,1650.0773764584164,82,0,1.0
6,Min Sum,Full-Contraction,1.0,1217.008732545826,61,0,1.0
6,Min Sum,Full-Contraction,1.0,1370.134478063541,69,0,1.0
6,Min Sum,Full-Contraction,1.0,1019.803902718557,52,0,1.0
6,Min Sum,Full-Contraction,1.0,740.4918347287664,52,0,1.0
6,Min Sum,Full-Contraction,1.0,1499.851445020445,75,0,1.0
6,Min Sum,Full-Contraction,1.0,1539.4649654579785,77,0,1.0
6,Min Sum,Full-Contraction,1.0,1092.9971408438084,55,0,1.0
6,Min Sum,Full-Contraction,1.0,1092.9971408438084,55,0,1.0
6,Min Sum,Full-Contraction,1.0,1271.4792619456694,64,0,1.0
6,Min Sum,Full-Contraction,1.0,1217.008732545826,69,0,1.0
6,Min Sum,Full-Contraction,1.0,848.5281374238571,61,0,1.0
6,Min Sum,Full-Contraction,1.0,1271.4792619456694,64,0,1.0
6,Min Sum,Full-Contraction,1.0,1370.134478063541,69,0,1.0
6,Min Sum,Full-Contraction,1.0,1092.9971408438084,64,0,1.0
6,Min Sum,Full-Contraction,1.0,934.166020071207,61,0,1.0
6,Min Sum,Full-Contraction,1.0,1217.008732545826,61,0,1.0
6,Min Sum,Full-Contraction,1.0,740.4918347287664,52,0,1.0
6,Min Sum,Full-Contraction,1.0,1092.9971408438084,55,0,1.0
6,Min Sum,Full-Contraction,1.0,1217.008732545826,64,0,1.0
6,Min Sum,Full-Contraction,1.0,1271.4792619456694,69,0,1.0
6,Min Sum,Full-Contraction,1.0,1019.803902718557,52,0,1.0
6,Min Sum,Full-Contraction,1.0,1217.008732545826,69,0,1.0
6,Min Sum,Full-Contraction,1.0,1176.4602927211006,69,0,1.0
6,Min Sum,Full-Contraction,1.0,826.1297173761164,52,0,1.0
6,Min Sum,Full-Contraction,1.0,1092.9971408438084,69,0,1.0
6,Min Sum,Full-Contraction,1.0,1019.803902718557,55,0,1.0
6,Min Sum,Full-Contraction,1.0,1019.803902718557,55,0,1.0
6,Min Sum,Full-Contraction,1.0,1370.134478063541,69,0,1.0
6,Min Sum,Full-Contraction,1.0,1092.9971408438084,55,0,1.0
6,Min Sum,Full-Contraction,1.0,1092.9971408438084,55,0,1.0
6,Min Sum,Full-Contraction,1.0,1019.803902718557,52,0,1.0
6,Min Sum,Full-Contraction,1.0,1019.803902718557,52,0,1.0
6,Min Sum,Full-Contraction,1.0,1271.4792619456694,64,0,1.0
6,Min Sum,Full-Contraction,1.0,1217.008732545826,61,0,1.0
6,Min Sum,Full-Contraction,1.0,1217.008732545826,64,0,1.0
6,Min Sum,Full-Contraction,1.0,1023.3345472033855,64,0,1.0
6,Min Sum,Full-Contraction,1.0,1019.803902718557,52,0,1.0
6,Min Sum,Full-Contraction,1.0,1019.803902718557,55,0,1.0
6,Min Sum,Full-Contraction,1.0,1019.803902718557,52,0,1.0
6,Min Sum,Full-Contraction,1.0,1019.803902718557,55,0,1.0
6,Min Sum,Full-Contraction,1.0,1217.008732545826,69,0,1.0
6,Min Sum,Full-Contraction,1.0,1176.4602927211006,69,0,1.0
6,Min Sum,Full-Contraction,1.0,1217.008732545826,61,0,1.0
6,Min Sum,Full-Contraction,1.0,1217.008732545826,61,0,1.0
6,Min Sum,Full-Contraction,1.0,934.166020071207,52,0,1.0
6,Min Sum,Full-Contraction,1.0,1271.4792619456694,64,0,1.0
6,Min Sum,Full-Contraction,1.0,1217.008732545826,61,0,1.0
6,Min Sum,Full-Contraction,1.0,1217.008732545826,61,0,1.0
6,Min Sum,Full-Contraction,1.0,1077.8050766032288,64,0,1.0
6,Min Sum,Full-Contraction,1.0,1008.8883706776019,51,0,1.0
6,Min Sum,Full-Contraction,1.0,1455.726058139925,73,0,1.0
6,Min Sum,Full-Contraction,1.0,1096.8666572369157,58,0,1.0
6,Min Sum,Full-Contraction,1.0,1023.1597431621337,54,0,1.0
6,Min Sum,Full-Contraction,1.0,1044.892871927207,53,0,1.0
6,Min Sum,Full-Contraction,1.0,1280.6248474865697,66,0,1.0
6,Min Sum,Full-Contraction,1.0,1417.9461989834235,73,0,1.0
6,Min Sum,Full-Contraction,1.0,1280.6248474865697,66,0,1.0
6,Min Sum,Full-Contraction,1.0,1444.4974506604397,74,0,1.0
6,Min Sum,Full-Contraction,1.0,1280.6248474865697,66,0,1.0
6,Min Sum,Full-Contraction,1.0,956.7451800763997,52,0,1.0
6,Min Sum,Full-Contraction,1.0,1455.726058139925,73,0,1.0
6,Min Sum,Full-Contraction,1.0,830.4155079333318,49,0,1.0
6,Min Sum,Full-Contraction,1.0,1455.726058139925,73,0,1.0
6,Min Sum,Full-Contraction,1.0,1008.8883706776016,53,0,1.0
6,Min Sum,Full-Contraction,1.0,1562.167373557283,80,0,1.0
6,Min Sum,Full-Contraction,1.0,1296.101936522543,67,0,1.0
6,Min Sum,Full-Contraction,1.0,1280.6248474865697,66,0,1.0
6,Min Sum,Full-Contraction,1.0,1096.8666572369157,58,0,1.0
6,Min Sum,Full-Contraction,1.0,956.7451800763997,49,0,1.0
6,Min Sum,Full-Contraction,1.0,1444.4974506604397,74,0,1.0
6,Min Sum,Full-Contraction,1.0,1417.9461989834235,73,0,1.0
6,Min Sum,Full-Contraction,1.0,1008.8883706776019,53,0,1.0
6,Min Sum,Full-Contraction,1.0,1008.8883706776019,53,0,1.0
6,Min Sum,Full-Contraction,1.0,1378.1692213733945,69,0,1.0
6,Min Sum,Full-Contraction,1.0,1296.101936522543,67,0,1.0
6,Min Sum,Full-Contraction,1.0,1023.1597431621337,54,0,1.0
6,Min Sum,Full-Contraction,1.0,1455.726058139925,73,0,1.0
6,Min Sum,Full-Contraction,1.0,1280.6248474865697,66,0,1.0
6,Min Sum,Full-Contraction,1.0,1285.1748951732786,65,0,1.0
6,Min Sum,Full-Contraction,1.0,1023.1597431621337,54,0,1.0
6,Min Sum,Full-Contraction,1.0,1378.1692213733945,69,0,1.0
6,Min Sum,Full-Contraction,1.0,956.7451800763997,49,0,1.0
6,Min Sum,Full-Contraction,1.0,1008.8883706776019,53,0,1.0
6,Min Sum,Full-Contraction,1.0,1378.1692213733945,69,0,1.0
6,Min Sum,Full-Contraction,1.0,1455.726058139925,73,0,1.0
6,Min Sum,Full-Contraction,1.0,942.8090415820635,48,0,1.0
6,Min Sum,Full-Contraction,1.0,1378.1692213733945,69,0,1.0
6,Min Sum,Full-Contraction,1.0,1096.8666572369157,58,0,1.0
6,Min Sum,Full-Contraction,1.0,1131.370849898476,57,0,1.0
6,Min Sum,Full-Contraction,1.0,1280.6248474865697,66,0,1.0
6,Min Sum,Full-Contraction,1.0,1131.370849898476,57,0,1.0
6,Min Sum,Full-Contraction,1.0,1131.370849898476,57,0,1.0
6,Min Sum,Full-Contraction,1.0,1355.434167641131,70,0,1.0
6,Min Sum,Full-Contraction,1.0,1151.2737892700698,58,0,1.0
6,Min Sum,Full-Contraction,1.0,1008.8883706776016,53,0,1.0
6,Min Sum,Full-Contraction,1.0,1096.8666572369157,58,0,1.0
6,Min Sum,Full-Contraction,1.0,1096.8666572369157,58,0,1.0
6,Min Sum,Full-Contraction,1.0,1303.7380450265834,68,0,1.0
6,Min Sum,Full-Contraction,1.0,1296.101936522543,67,0,1.0
6,Min Sum,Full-Contraction,1.0,1455.726058139925,73,0,1.0
6,Min Sum,Full-Contraction,1.0,1172.2309416621197,61,0,1.0
6,Min Sum,Full-Contraction,1.0,956.7451800763997,49,0,1.0
6,Min Sum,Full-Contraction,1.0,1096.8666572369157,58,0,1.0
6,Min Sum,Full-Contraction,1.0,956.7451800763997,49,0,1.0
6,Min Sum,Full-Contraction,1.0,942.8090415820635,48,0,1.0
6,Min Sum,Full-Contraction,1.0,1378.1692213733945,69,0,1.0
6,Min Sum,Full-Contraction,1.0,1296.101936522543,67,0,1.0
6,Min Sum,Full-Contraction,1.0,1023.1597431621337,54,0,1.0
6,Min Sum,Full-Contraction,1.0,1296.101936522543,67,0,1.0
6,Min Sum,Full-Contraction,1.0,1008.8883706776019,51,0,1.0
6,Min Sum,Full-Contraction,1.0,1135.5513366778332,60,0,1.0
6,Min Sum,Full-Contraction,1.0,1172.2309416621197,61,0,1.0
6,Min Sum,Full-Contraction,1.0,1378.1692213733945,69,0,1.0
6,Min Sum,Full-Contraction,1.0,956.7451800763997,52,0,1.0
6,Min Sum,Full-Contraction,1.0,1217.008732545826,61,0,1.0
6,Min Sum,Full-Contraction,1.0,1217.008732545826,61,0,1.0
6,Min Sum,Full-Contraction,1.0,1271.4792619456694,64,0,1.0
6,Min Sum,Full-Contraction,1.0,1217.008732545826,61,0,1.0
6,Min Sum,Full-Contraction,1.0,1217.008732545826,64,0,1.0
6,Min Sum,Full-Contraction,1.0,1271.4792619456694,64,0,1.0
6,Min Sum,Full-Contraction,1.0,1458.5852494097924,73,0,1.0
6,Min Sum,Full-Contraction,1.0,1271.4792619456694,64,0,1.0
6,Min Sum,Full-Contraction,1.0,1370.134478063541,69,0,1.0
6,Min Sum,Full-Contraction,1.0,1019.803902718557,64,0,1.0
6,Min Sum,Full-Contraction,1.0,1176.4602927211006,69,0,1.0
6,Min Sum,Full-Contraction,1.0,1092.9971408438084,61,0,1.0
6,Min Sum,Full-Contraction,1.0,1370.134478063541,69,0,1.0
6,Min Sum,Full-Contraction,1.0,899.3229555013679,61,0,1.0
6,Min Sum,Full-Contraction,1.0,1271.4792619456694,64,0,1.0
6,Min Sum,Full-Contraction,1.0,1539.4649654579785,77,0,1.0
6,Min Sum,Full-Contraction,1.0,1092.9971408438084,61,0,1.0
6,Min Sum,Full-Contraction,1.0,1271.4792619456694,64,0,1.0
6,Min Sum,Full-Contraction,1.0,1217.008732545826,61,0,1.0
6,Min Sum,Full-Contraction,1.0,1092.9971408438084,55,0,1.0
6,Min Sum,Full-Contraction,1.0,1370.134478063541,69,0,1.0
6,Min Sum,Full-Contraction,1.0,1458.5852494097924,73,0,1.0
6,Min Sum,Full-Contraction,1.0,1019.803902718557,52,0,1.0
6,Min Sum,Full-Contraction,1.0,1019.803902718557,52,0,1.0
6,Min Sum,Full-Contraction,1.0,899.3229555013679,61,0,1.0
6,Min Sum,Full-Contraction,1.0,1019.803902718557,64,0,1.0
6,Min Sum,Full-Contraction,1.0,1092.9971408438084,61,0,1.0
6,Min Sum,Full-Contraction,1.0,1019.803902718557,61,0,1.0
6,Min Sum,Full-Contraction,1.0,1023.3345472033855,64,0,1.0
6,Min Sum,Full-Contraction,1.0,848.5281374238571,61,0,1.0
6,Min Sum,Full-Contraction,1.0,1092.9971408438084,61,0,1.0
6,Min Sum,Full-Contraction,1.0,1019.803902718557,52,0,1.0
6,Min Sum,Full-Contraction,1.0,1092.9971408438084,55,0,1.0
6,Min Sum,Full-Contraction,1.0,1019.803902718557,52,0,1.0
6,Min Sum,Full-Contraction,1.0,1176.4602927211006,69,0,1.0
6,Min Sum,Full-Contraction,1.0,1092.9971408438084,64,0,1.0
6,Min Sum,Full-Contraction,1.0,1092.9971408438084,55,0,1.0
6,Min Sum,Full-Contraction,1.0,1019.803902718557,64,0,1.0
6,Min Sum,Full-Contraction,1.0,1306.1772596780045,75,0,1.0
6,Min Sum,Full-Contraction,1.0,826.1297173761164,55,0,1.0
6,Min Sum,Full-Contraction,1.0,1019.803902718557,64,0,1.0
6,Min Sum,Full-Contraction,1.0,1217.008732545826,64,0,1.0
6,Min Sum,Full-Contraction,1.0,1217.008732545826,64,0,1.0
6,Min Sum,Full-Contraction,1.0,1023.3345472033855,64,0,1.0
6,Min Sum,Full-Contraction,1.0,1092.9971408438084,61,0,1.0
6,Min Sum,Full-Contraction,1.0,1271.4792619456694,64,0,1.0
6,Min Sum,Full-Contraction,1.0,1217.008732545826,61,0,1.0
6,Min Sum,Full-Contraction,1.0,1217.008732545826,61,0,1.0
6,Min Sum,Full-Contraction,1.0,1092.9971408438084,55,0,1.0
6,Min Sum,Full-Contraction,1.0,826.1297173761164,52,0,1.0
6,Min Sum,Full-Contraction,1.0,848.5281374238571,61,0,1.0
6,Min Sum,Full-Contraction,1.0,1023.3345472033855,61,0,1.0
6,Min Sum,Full-Contraction,1.0,1092.9971408438084,61,0,1.0
6,Min Sum,Full-Contraction,1.0,1271.4792619456694,64,0,1.0
6,Min Sum,Full-Contraction,1.0,1217.008732545826,61,0,1.0
6,Min Sum,Full-Contraction,1.0,1217.008732545826,61,0,1.0
6,Min Sum,Full-Contraction,1.0,1019.803902718557,64,0,1.0
6,Min Sum,Full-Contraction,1.0,1019.803902718557,64,0,1.0
6,Min Sum,Full-Contraction,1.0,1217.008732545826,61,0,1.0
6,Min Sum,Full-Contraction,1.0,1019.803902718557,52,0,1.0
6,Min Sum,Full-Contraction,1.0,1092.9971408438084,55,0,1.0
6,Min Sum,Full-Contraction,1.0,1217.008732545826,61,0,1.0
6,Min Sum,Full-Contraction,1.0,1092.9971408438084,55,0,1.0
6,Min Sum,Full-Contraction,1.0,1092.9971408438084,55,0,1.0
6,Min Sum,Full-Contraction,1.0,1370.134478063541,69,0,1.0
6,Min Sum,Full-Contraction,1.0,960.2928227413793,60,0,1.0
6,Min Sum,Full-Contraction,1.0,1253.8888286041802,65,0,1.0
6,Min Sum,Full-Contraction,1.0,1077.1069305275987,62,0,1.0
6,Min Sum,Full-Contraction,1.0,1223.0602004318043,62,0,1.0
6,Min Sum,Full-Contraction,1.0,1136.5007703242995,65,0,1.0
6,Min Sum,Full-Contraction,1.0,1338.8003689066122,67,0,1.0
6,Min Sum,Full-Contraction,1.0,1514.088508689274,76,0,1.0
6,Min Sum,Full-Contraction,1.0,1338.8003689066122,67,0,1.0
6,Min Sum,Full-Contraction,1.0,1462.1436889852976,73,0,1.0
6,Min Sum,Full-Contraction,1.0,1066.9875692076828,67,0,1.0
6,Min Sum,Full-Contraction,1.0,1066.9875692076828,67,0,1.0
6,Min Sum,Full-Contraction,1.0,1253.8888286041802,65,0,1.0
6,Min Sum,Full-Contraction,1.0,1173.4534437058173,67,0,1.0
6,Min Sum,Full-Contraction,1.0,1253.8888286041802,65,0,1.0
6,Min Sum,Full-Contraction,1.0,1120.832906529022,65,0,1.0
6,Min Sum,Full-Contraction,1.0,1616.588320481762,81,0,1.0
6,Min Sum,Full-Contraction,1.0,1223.0602004318043,62,0,1.0
6,Min Sum,Full-Contraction,1.0,1253.8888286041802,67,0,1.0
6,Min Sum,Full-Contraction,1.0,1034.258545910665,60,0,1.0
6,Min Sum,Full-Contraction,1.0,960.2928227413793,58,0,1.0
6,Min Sum,Full-Contraction,1.0,1462.1436889852976,73,0,1.0
6,Min Sum,Full-Contraction,1.0,1514.088508689274,76,0,1.0
6,Min Sum,Full-Contraction,1.0,1066.9875692076828,54,0,1.0
6,Min Sum,Full-Contraction,1.0,1066.9875692076828,54,0,1.0
6,Min Sum,Full-Contraction,1.0,1253.8888286041802,63,0,1.0
6,Min Sum,Full-Contraction,1.0,1190.6520796758027,67,0,1.0
6,Min Sum,Full-Contraction,1.0,1223.0602004318043,62,0,1.0
6,Min Sum,Full-Contraction,1.0,1066.9875692076828,65,0,1.0
6,Min Sum,Full-Contraction,1.0,1338.8003689066122,67,0,1.0
6,Min Sum,Full-Contraction,1.0,1253.8888286041802,63,0,1.0
6,Min Sum,Full-Contraction,1.0,1223.0602004318043,62,0,1.0
6,Min Sum,Full-Contraction,1.0,930.0362049854097,61,0,1.0
6,Min Sum,Full-Contraction,1.0,960.2928227413793,58,0,1.0
6,Min Sum,Full-Contraction,1.0,1066.9875692076828,54,0,1.0
6,Min Sum,Full-Contraction,1.0,1066.9875692076828,67,0,1.0
6,Min Sum,Full-Contraction,1.0,1056.3916503845705,67,0,1.0
6,Min Sum,Full-Contraction,1.0,1023.0602004318043,54,0,1.0
6,Min Sum,Full-Contraction,1.0,1212.4449235074512,67,0,1.0
6,Min Sum,Full-Contraction,1.0,1305.75015522016,73,0,1.0
6,Min Sum,Full-Contraction,1.0,835.3309390761113,54,0,1.0
6,Min Sum,Full-Contraction,1.0,1056.3916503845705,67,0,1.0
6,Min Sum,Full-Contraction,1.0,1120.832906529022,65,0,1.0
6,Min Sum,Full-Contraction,1.0,1136.5007703242995,65,0,1.0
6,Min Sum,Full-Contraction,1.0,1338.8003689066122,67,0,1.0
6,Min Sum,Full-Contraction,1.0,1066.9875692076828,65,0,1.0
6,Min Sum,Full-Contraction,1.0,1120.832906529022,65,0,1.0
6,Min Sum,Full-Contraction,1.0,1034.258545910665,60,0,1.0
6,Min Sum,Full-Contraction,1.0,1034.258545910665,60,0,1.0
6,Min Sum,Full-Contraction,1.0,1233.5004642927365,62,0,1.0
6,Min Sum,Full-Contraction,1.0,1190.6520796758027,60,0,1.0
6,Min Sum,Full-Contraction,1.0,1223.0602004318043,65,0,1.0
6,Min Sum,Full-Contraction,1.0,1253.8888286041802,63,0,1.0
6,Min Sum,Full-Contraction,1.0,1034.258545910665,60,0,1.0
6,Min Sum,Full-Contraction,1.0,1077.1069305275987,62,0,1.0
6,Min Sum,Full-Contraction,1.0,1040.3835259470359,61,0,1.0
6,Min Sum,Full-Contraction,1.0,1023.0602004318043,60,0,1.0
6,Min Sum,Full-Contraction,1.0,1066.9875692076828,67,0,1.0
6,Min Sum,Full-Contraction,1.0,1066.9875692076828,67,0,1.0
6,Min Sum,Full-Contraction,1.0,1223.0602004318043,62,0,1.0
6,Min Sum,Full-Contraction,1.0,1190.6520796758027,60,0,1.0
6,Min Sum,Full-Contraction,1.0,1066.9875692076828,58,0,1.0
6,Min Sum,Full-Contraction,1.0,1253.8888286041802,63,0,1.0
6,Min Sum,Full-Contraction,1.0,1179.4537341969422,60,0,1.0
6,Min Sum,Full-Contraction,1.0,1023.0602004318043,61,0,1.0
6,Min Sum,Full-Contraction,1.0,1056.3916503845705,67,0,1.0
6,Min Sum,Full-Contraction,1.0,1031.9258214370172,58,0,1.0
6,Min Sum,Full-Contraction,1.0,1180.4720892258879,67,0,1.0
6,Min Sum,Full-Contraction,1.0,1002.2597058777234,59,0,1.0
6,Min Sum,Full-Contraction,1.0,1135.2924243950936,58,0,1.0
6,Min Sum,Full-Contraction,1.0,1031.9258214370172,65,0,1.0
6,Min Sum,Full-Contraction,1.0,1281.0106974986368,65,0,1.0
6,Min Sum,Full-Contraction,1.0,1448.3025331057406,73,0,1.0
6,Min Sum,Full-Contraction,1.0,1281.0106974986368,65,0,1.0
6,Min Sum,Full-Contraction,1.0,1417.4827977963444,71,0,1.0
6,Min Sum,Full-Contraction,1.0,1002.2597058777235,65,0,1.0
6,Min Sum,Full-Contraction,1.0,1031.9258214370172,63,0,1.0
6,Min Sum,Full-Contraction,1.0,1180.4720892258879,67,0,1.0
6,Min Sum,Full-Contraction,1.0,1031.9258214370172,63,0,1.0
6,Min Sum,Full-Contraction,1.0,1180.4720892258879,67,0,1.0
6,Min Sum,Full-Contraction,1.0,1002.2597058777231,65,0,1.0
6,Min Sum,Full-Contraction,1.0,1562.0751382093,78,0,1.0
6,Min Sum,Full-Contraction,1.0,1135.2924243950936,61,0,1.0
6,Min Sum,Full-Contraction,1.0,1180.4720892258879,65,0,1.0
6,Min Sum,Full-Contraction,1.0,1002.2597058777234,58,0,1.0
6,Min Sum,Full-Contraction,1.0,1031.9258214370172,58,0,1.0
6,Min Sum,Full-Contraction,1.0,1417.4827977963444,71,0,1.0
6,Min Sum,Full-Contraction,1.0,1448.3025331057406,73,0,1.0
6,Min Sum,Full-Contraction,1.0,1002.2597058777235,51,0,1.0
6,Min Sum,Full-Contraction,1.0,1002.2597058777235,51,0,1.0
6,Min Sum,Full-Contraction,1.0,1242.5947699080998,63,0,1.0
6,Min Sum,Full-Contraction,1.0,1077.1054862678116,65,0,1.0
6,Min Sum,Full-Contraction,1.0,1135.2924243950936,58,0,1.0
6,Min Sum,Full-Contraction,1.0,1180.4720892258879,67,0,1.0
6,Min Sum,Full-Contraction,1.0,1281.0106974986368,65,0,1.0
6,Min Sum,Full-Contraction,1.0,1077.1054862678116,60,0,1.0
6,Min Sum,Full-Contraction,1.0,1135.2924243950936,58,0,1.0
6,Min Sum,Full-Contraction,1.0,1002.2597058777234,63,0,1.0
6,Min Sum,Full-Contraction,1.0,1031.9258214370172,58,0,1.0
6,Min Sum,Full-Contraction,1.0,1002.2597058777235,51,0,1.0
6,Min Sum,Full-Contraction,1.0,1002.2597058777234,63,0,1.0
6,Min Sum,Full-Contraction,1.0,1054.1351377828435,67,0,1.0
6,Min Sum,Full-Contraction,1.0,935.8249127704555,53,0,1.0
6,Min Sum,Full-Contraction,1.0,1047.4393707085176,65,0,1.0
6,Min Sum,Full-Contraction,1.0,971.3550024645135,69,0,1.0
6,Min Sum,Full-Contraction,1.0,956.4403779139172,54,0,1.0
6,Min Sum,Full-Contraction,1.0,1000.1086608691776,65,0,1.0
6,Min Sum,Full-Contraction,1.0,1002.2597058777231,65,0,1.0
6,Min Sum,Full-Contraction,1.0,1002.2597058777231,65,0,1.0
6,Min Sum,Full-Contraction,1.0,1299.4628255342186,66,0,1.0
6,Min Sum,Full-Contraction,1.0,1166.430107016848,66,0,1.0
6,Min Sum,Full-Contraction,1.0,1002.2597058777231,65,0,1.0
6,Min Sum,Full-Contraction,1.0,1002.2597058777234,58,0,1.0
6,Min Sum,Full-Contraction,1.0,1002.2597058777234,58,0,1.0
6,Min Sum,Full-Contraction,1.0,1222.5423023438302,62,0,1.0
6,Min Sum,Full-Contraction,1.0,1201.8561318788952,61,0,1.0
6,Min Sum,Full-Contraction,1.0,1135.2924243950936,67,0,1.0
6,Min Sum,Full-Contraction,1.0,1135.2924243950936,60,0,1.0
6,Min Sum,Full-Contraction,1.0,1031.9258214370172,58,0,1.0
6,Min Sum,Full-Contraction,1.0,1025.2816652358215,59,0,1.0
6,Min Sum,Full-Contraction,1.0,1031.9258214370172,60,0,1.0
6,Min Sum,Full-Contraction,1.0,935.8249127704555,55,0,1.0
6,Min Sum,Full-Contraction,1.0,1139.2281669500235,65,0,1.0
6,Min Sum,Full-Contraction,1.0,1002.2597058777235,65,0,1.0
6,Min Sum,Full-Contraction,1.0,1135.2924243950936,58,0,1.0
6,Min Sum,Full-Contraction,1.0,1201.8561318788952,61,0,1.0
6,Min Sum,Full-Contraction,1.0,970.4144113173659,58,0,1.0
6,Min Sum,Full-Contraction,1.0,1180.4720892258879,60,0,1.0
6,Min Sum,Full-Contraction,1.0,1135.2924243950936,58,0,1.0
6,Min Sum,Full-Contraction,1.0,1242.5947699080998,63,0,1.0
6,Min Sum,Full-Contraction,1.0,1002.2597058777231,63,0,1.0
6,Min Sum,Full-Contraction,1.0,1054.0925533894597,56,0,1.0
6,Min Sum,Full-Contraction,1.0,1442.3482912111285,73,0,1.0
6,Min Sum,Full-Contraction,1.0,1000.8019568131263,57,0,1.0
6,Min Sum,Full-Contraction,1.0,1078.8111219362913,56,0,1.0
6,Min Sum,Full-Contraction,1.0,996.4869807124394,61,0,1.0
6,Min Sum,Full-Contraction,1.0,950.0839997451521,66,0,1.0
6,Min Sum,Full-Contraction,1.0,1202.4632436783336,73,0,1.0
6,Min Sum,Full-Contraction,1.0,950.0839997451521,66,0,1.0
6,Min Sum,Full-Contraction,1.0,1109.6670776779088,73,0,1.0
6,Min Sum,Full-Contraction,1.0,1147.0821179526724,66,0,1.0
6,Min Sum,Full-Contraction,1.0,853.6110165128089,56,0,1.0
6,Min Sum,Full-Contraction,1.0,1442.3482912111285,73,0,1.0
6,Min Sum,Full-Contraction,1.0,1078.8111219362916,56,0,1.0
6,Min Sum,Full-Contraction,1.0,1442.3482912111285,73,0,1.0
6,Min Sum,Full-Contraction,1.0,963.4939459805541,61,0,1.0
6,Min Sum,Full-Contraction,1.0,1307.4837818252038,79,0,1.0
6,Min Sum,Full-Contraction,1.0,1168.225745417108,67,0,1.0
6,Min Sum,Full-Contraction,1.0,950.0839997451521,66,0,1.0
6,Min Sum,Full-Contraction,1.0,1102.468826749132,57,0,1.0
6,Min Sum,Full-Contraction,1.0,853.6110165128089,56,0,1.0
6,Min Sum,Full-Contraction,1.0,1109.6670776779088,73,0,1.0
6,Min Sum,Full-Contraction,1.0,1202.4632436783336,73,0,1.0
6,Min Sum,Full-Contraction,1.0,894.9525166077949,55,0,1.0
6,Min Sum,Full-Contraction,1.0,894.9525166077949,55,0,1.0
6,Min Sum,Full-Contraction,1.0,1350.3188790432944,69,0,1.0
6,Min Sum,Full-Contraction,1.0,1282.765213278372,67,0,1.0
6,Min Sum,Full-Contraction,1.0,1028.1561559738268,55,0,1.0
6,Min Sum,Full-Contraction,1.0,1442.3482912111285,73,0,1.0
6,Min Sum,Full-Contraction,1.0,1078.8111219362913,66,0,1.0
6,Min Sum,Full-Contraction,1.0,1282.765213278372,66,0,1.0
6,Min Sum,Full-Contraction,1.0,853.6110165128089,56,0,1.0
6,Min Sum,Full-Contraction,1.0,1350.3188790432944,69,0,1.0
6,Min Sum,Full-Contraction,1.0,853.6110165128089,56,0,1.0
6,Min Sum,Full-Contraction,1.0,894.9525166077949,55,0,1.0
6,Min Sum,Full-Contraction,1.0,1350.3188790432944,69,0,1.0
6,Min Sum,Full-Contraction,1.0,1442.3482912111285,73,0,1.0
6,Min Sum,Full-Contraction,1.0,1028.1561559738268,54,0,1.0
6,Min Sum,Full-Contraction,1.0,1350.3188790432944,69,0,1.0
6,Min Sum,Full-Contraction,1.0,1000.8019568131263,61,0,1.0
6,Min Sum,Full-Contraction,1.0,1147.0821179526724,59,0,1.0
6,Min Sum,Full-Contraction,1.0,1168.225745417108,66,0,1.0
6,Min Sum,Full-Contraction,1.0,996.4869807124394,61,0,1.0
6,Min Sum,Full-Contraction,1.0,963.4939459805541,61,0,1.0
6,Min Sum,Full-Contraction,1.0,1057.5651078548894,69,0,1.0
6,Min Sum,Full-Contraction,1.0,1264.9110640673516,65,0,1.0
6,Min Sum,Full-Contraction,1.0,963.4939459805541,61,0,1.0
6,Min Sum,Full-Contraction,1.0,1102.468826749132,57,0,1.0
6,Min Sum,Full-Contraction,1.0,1102.468826749132,57,0,1.0
6,Min Sum,Full-Contraction,1.0,1000.8019568131263,67,0,1.0
6,Min Sum,Full-Contraction,1.0,967.5259634777234,67,0,1.0
6,Min Sum,Full-Contraction,1.0,1442.3482912111285,73,0,1.0
6,Min Sum,Full-Contraction,1.0,921.8820125291898,60,0,1.0
6,Min Sum,Full-Contraction,1.0,1078.8111219362913,56,0,1.0
6,Min Sum,Full-Contraction,1.0,1000.8019568131263,57,0,1.0
6,Min Sum,Full-Contraction,1.0,1078.8111219362913,56,0,1.0
6,Min Sum,Full-Contraction,1.0,1028.1561559738268,54,0,1.0
6,Min Sum,Full-Contraction,1.0,1350.3188790432944,69,0,1.0
6,Min Sum,Full-Contraction,1.0,1168.225745417108,67,0,1.0
6,Min Sum,Full-Contraction,1.0,1078.8111219362913,55,0,1.0
6,Min Sum,Full-Contraction,1.0,1102.468826749132,67,0,1.0
6,Min Sum,Full-Contraction,1.0,1054.0925533894597,56,0,1.0
6,Min Sum,Full-Contraction,1.0,1078.8111219362913,59,0,1.0
6,Min Sum,Full-Contraction,1.0,835.5445318838881,60,0,1.0
6,Min Sum,Full-Contraction,1.0,1350.3188790432944,69,0,1.0
6,Min Sum,Full-Contraction,1.0,1103.5296904831232,56,0,1.0
6,Min Sum,Full-Contraction,1.0,1128.8489554476569,67,0,1.0
6,Min Sum,Full-Contraction,1.0,1229.6261430954582,65,0,1.0
6,Min Sum,Full-Contraction,1.0,1280.797833746732,65,0,1.0
6,Min Sum,Full-Contraction,1.0,1298.7415937404558,67,0,1.0
6,Min Sum,Full-Contraction,1.0,1298.7415937404558,74,0,1.0
6,Min Sum,Full-Contraction,1.0,1226.7767789410461,69,0,1.0
6,Min Sum,Full-Contraction,1.0,1233.8915864981677,69,0,1.0
6,Min Sum,Full-Contraction,1.0,1055.5185663110158,61,0,1.0
6,Min Sum,Full-Contraction,1.0,1132.3680640620437,61,0,1.0
6,Min Sum,Full-Contraction,1.0,1055.5185663110158,57,0,1.0
6,Min Sum,Full-Contraction,1.0,1233.8915864981677,67,0,1.0
6,Min Sum,Full-Contraction,1.0,1229.6261430954582,65,0,1.0
6,Min Sum,Full-Contraction,1.0,1316.2670742695705,67,0,1.0
6,Min Sum,Full-Contraction,1.0,1229.6261430954582,65,0,1.0
6,Min Sum,Full-Contraction,1.0,1298.7415937404558,74,0,1.0
6,Min Sum,Full-Contraction,1.0,1282.23053965768,67,0,1.0
6,Min Sum,Full-Contraction,1.0,991.0712498212338,53,0,1.0
6,Min Sum,Full-Contraction,1.0,1226.7767789410461,69,0,1.0
6,Min Sum,Full-Contraction,1.0,1298.7415937404558,66,0,1.0
6,Min Sum,Full-Contraction,1.0,948.9179752017983,67,0,1.0
6,Min Sum,Full-Contraction,1.0,1132.3680640620437,60,0,1.0
6,Min Sum,Full-Contraction,1.0,1054.1014484893767,62,0,1.0
6,Min Sum,Full-Contraction,1.0,815.4492405051758,57,0,1.0
6,Min Sum,Full-Contraction,1.0,1035.5239901769473,57,0,1.0
6,Min Sum,Full-Contraction,1.0,985.1388634940877,58,0,1.0
6,Min Sum,Full-Contraction,1.0,1079.6588245597127,60,0,1.0
6,Min Sum,Full-Contraction,1.0,1100.5986115894348,61,0,1.0
6,Min Sum,Full-Contraction,1.0,1229.6261430954582,65,0,1.0
6,Min Sum,Full-Contraction,1.0,1055.5185663110158,61,0,1.0
6,Min Sum,Full-Contraction,1.0,1079.6588245597127,60,0,1.0
6,Min Sum,Full-Contraction,1.0,1000.0896658530723,67,0,1.0
6,Min Sum,Full-Contraction,1.0,965.6536743324637,58,0,1.0
6,Min Sum,Full-Contraction,1.0,965.6536743324637,67,0,1.0
6,Min Sum,Full-Contraction,1.0,1035.5239901769473,57,0,1.0
6,Min Sum,Full-Contraction,1.0,1233.8915864981677,62,0,1.0
6,Min Sum,Full-Contraction,1.0,1229.6261430954582,65,0,1.0
6,Min Sum,Full-Contraction,1.0,1110.8184477350487,61,0,1.0
6,Min Sum,Full-Contraction,1.0,1089.0187520694453,60,0,1.0
6,Min Sum,Full-Contraction,1.0,1398.5028048406,70,0,1.0
6,Min Sum,Full-Contraction,1.0,1066.1103838647398,61,0,1.0
6,Min Sum,Full-Contraction,1.0,1023.9571092453043,57,0,1.0
6,Min Sum,Full-Contraction,1.0,1158.9194653696884,74,0,1.0
6,Min Sum,Full-Contraction,1.0,1158.9194653696884,74,0,1.0
6,Min Sum,Full-Contraction,1.0,1055.5185663110158,61,0,1.0
6,Min Sum,Full-Contraction,1.0,1113.43387531261,74,0,1.0
6,Min Sum,Full-Contraction,1.0,1298.7415937404558,74,0,1.0
6,Min Sum,Full-Contraction,1.0,1158.9194653696884,66,0,1.0
6,Min Sum,Full-Contraction,1.0,1158.9194653696884,66,0,1.0
6,Min Sum,Full-Contraction,1.0,1193.923576860144,61,0,1.0
6,Min Sum,Full-Contraction,1.0,906.7647005823629,61,0,1.0
6,Min Sum,Full-Contraction,1.0,1187.4728684760228,65,0,1.0
6,Min Sum,Full-Contraction,1.0,1226.7767789410461,69,0,1.0
6,Min Sum,Full-Contraction,1.0,1100.5986115894348,67,0,1.0
6,Min Sum,Full-Contraction,1.0,1280.797833746732,65,0,1.0
6,Min Sum,Full-Contraction,1.0,1298.7415937404558,69,0,1.0
6,Min Sum,Full-Contraction,1.0,1128.8489554476569,61,0,1.0
6,Min Sum,Full-Contraction,1.0,1089.0187520694453,60,0,1.0
6,Min Sum,Full-Contraction,1.0,991.0712498212338,54,0,1.0
6,Min Sum,Full-Contraction,1.0,1298.7415937404558,66,0,1.0
6,Min Sum,Full-Contraction,1.0,1105.4758027032312,56,0,1.0
6,Min Sum,Full-Contraction,1.0,1081.0813002912707,67,0,1.0
6,Min Sum,Full-Contraction,1.0,1000.0896658530723,61,0,1.0
6,Min Sum,Full-Contraction,1.0,948.9179752017983,67,0,1.0
6,Min Sum,Full-Contraction,1.0,1089.0187520694453,60,0,1.0
6,Min Sum,Full-Contraction,1.0,1233.8915864981677,67,0,1.0
6,Min Sum,Full-Contraction,1.0,1102.468826749132,65,0,1.0
6,Min Sum,Full-Contraction,1.0,1188.694051404037,78,0,1.0
6,Min Sum,Full-Contraction,1.0,1188.6940514040368,62,0,1.0
6,Min Sum,Full-Contraction,1.0,1114.9351488407747,65,0,1.0
6,Min Sum,Full-Contraction,1.0,1229.4746167020387,71,0,1.0
6,Min Sum,Full-Contraction,1.0,1323.295549418614,66,0,1.0
6,Min Sum,Full-Contraction,1.0,1468.5623371699874,73,0,1.0
6,Min Sum,Full-Contraction,1.0,1049.1782301727987,66,0,1.0
6,Min Sum,Full-Contraction,1.0,1484.9203770578715,74,0,1.0
6,Min Sum,Full-Contraction,1.0,1281.6836159672494,66,0,1.0
6,Min Sum,Full-Contraction,1.0,1114.9351488407747,65,0,1.0
6,Min Sum,Full-Contraction,1.0,1188.694051404037,78,0,1.0
6,Min Sum,Full-Contraction,1.0,1078.8111219362913,65,0,1.0
6,Min Sum,Full-Contraction,1.0,1188.694051404037,78,0,1.0
6,Min Sum,Full-Contraction,1.0,1229.4746167020387,71,0,1.0
6,Min Sum,Full-Contraction,1.0,1605.63459194306,80,0,1.0
6,Min Sum,Full-Contraction,1.0,1106.369910180185,69,0,1.0
6,Min Sum,Full-Contraction,1.0,1323.295549418614,66,0,1.0
6,Min Sum,Full-Contraction,1.0,1188.6940514040368,62,0,1.0
6,Min Sum,Full-Contraction,1.0,1114.9351488407747,65,0,1.0
6,Min Sum,Full-Contraction,1.0,1484.9203770578715,74,0,1.0
6,Min Sum,Full-Contraction,1.0,1468.5623371699874,73,0,1.0
6,Min Sum,Full-Contraction,1.0,1049.1782301727987,62,0,1.0
6,Min Sum,Full-Contraction,1.0,1049.1782301727987,62,0,1.0
6,Min Sum,Full-Contraction,1.0,1188.6940514040368,72,0,1.0
6,Min Sum,Full-Contraction,1.0,1162.757653988404,71,0,1.0
6,Min Sum,Full-Contraction,1.0,1106.369910180185,62,0,1.0
6,Min Sum,Full-Contraction,1.0,1093.791521376339,78,0,1.0
6,Min Sum,Full-Contraction,1.0,1323.295549418614,66,0,1.0
6,Min Sum,Full-Contraction,1.0,963.4939459805541,71,0,1.0
6,Min Sum,Full-Contraction,1.0,1114.9351488407747,65,0,1.0
6,Min Sum,Full-Contraction,1.0,907.1047517277758,72,0,1.0
6,Min Sum,Full-Contraction,1.0,1114.9351488407747,65,0,1.0
6,Min Sum,Full-Contraction,1.0,1049.1782301727987,62,0,1.0
6,Min Sum,Full-Contraction,1.0,915.5068782381039,72,0,1.0
6,Min Sum,Full-Contraction,1.0,1281.6836159672494,78,0,1.0
6,Min Sum,Full-Contraction,1.0,1049.1782301727987,62,0,1.0
6,Min Sum,Full-Contraction,1.0,1162.757653988404,72,0,1.0
6,Min Sum,Full-Contraction,1.0,1188.6940514040368,66,0,1.0
6,Min Sum,Full-Contraction,1.0,1102.468826749132,65,0,1.0
6,Min Sum,Full-Contraction,1.0,1114.9351488407747,66,0,1.0
6,Min Sum,Full-Contraction,1.0,1168.225745417108,71,0,1.0
6,Min Sum,Full-Contraction,1.0,1229.4746167020387,71,0,1.0
6,Min Sum,Full-Contraction,1.0,1399.512562081929,70,0,1.0
6,Min Sum,Full-Contraction,1.0,1102.468826749132,74,0,1.0
6,Min Sum,Full-Contraction,1.0,1229.4746167020387,71,0,1.0
6,Min Sum,Full-Contraction,1.0,1188.6940514040368,60,0,1.0
6,Min Sum,Full-Contraction,1.0,1188.6940514040368,60,0,1.0
6,Min Sum,Full-Contraction,1.0,1362.4409760969284,68,0,1.0
6,Min Sum,Full-Contraction,1.0,1099.626246530476,69,0,1.0
6,Min Sum,Full-Contraction,1.0,1106.369910180185,78,0,1.0
6,Min Sum,Full-Contraction,1.0,1213.4126199508687,64,0,1.0
6,Min Sum,Full-Contraction,1.0,1168.225745417108,65,0,1.0
6,Min Sum,Full-Contraction,1.0,1188.6940514040368,60,0,1.0
6,Min Sum,Full-Contraction,1.0,1168.225745417108,65,0,1.0
6,Min Sum,Full-Contraction,1.0,1049.1782301727987,62,0,1.0
6,Min Sum,Full-Contraction,1.0,1229.4746167020387,72,0,1.0
6,Min Sum,Full-Contraction,1.0,1093.791521376339,69,0,1.0
6,Min Sum,Full-Contraction,1.0,1106.369910180185,62,0,1.0
6,Min Sum,Full-Contraction,1.0,1188.6940514040368,69,0,1.0
6,Min Sum,Full-Contraction,1.0,1114.9351488407747,65,0,1.0
6,Min Sum,Full-Contraction,1.0,1188.694051404037,60,0,1.0
6,Min Sum,Full-Contraction,1.0,1213.4126199508687,65,0,1.0
6,Min Sum,Full-Contraction,1.0,1188.6940514040368,72,0,1.0
6,Min Sum,Full-Contraction,1.0,1114.9351488407747,65,0,1.0
6,Min Sum,Full-Contraction,1.0,1098.9066079498755,69,0,1.0
6,Min Sum,Full-Contraction,1.0,1057.5651078548894,69,0,1.0
6,Min Sum,Full-Contraction,1.0,1195.4583913123447,66,0,1.0
6,Min Sum,Full-Contraction,1.0,1375.7547778415847,69,0,1.0
6,Min Sum,Full-Contraction,1.0,1243.8047437733196,76,0,1.0
6,Min Sum,Full-Contraction,1.0,1410.2538139999224,70,0,1.0
6,Min Sum,Full-Contraction,1.0,1410.2538139999224,70,0,1.0
6,Min Sum,Full-Contraction,1.0,1261.2153099803206,63,0,1.0
6,Min Sum,Full-Contraction,1.0,1240.071682515885,64,0,1.0
6,Min Sum,Full-Contraction,1.0,1195.4583913123447,60,0,1.0
6,Min Sum,Full-Contraction,1.0,1093.791521376339,69,0,1.0
6,Min Sum,Full-Contraction,1.0,1057.5651078548894,69,0,1.0
6,Min Sum,Full-Contraction,1.0,1098.9066079498755,69,0,1.0
6,Min Sum,Full-Contraction,1.0,1057.5651078548894,69,0,1.0
6,Min Sum,Full-Contraction,1.0,1339.6036127553725,76,0,1.0
6,Min Sum,Full-Contraction,1.0,1358.6794077022419,71,0,1.0
6,Min Sum,Full-Contraction,1.0,1078.8111219362913,58,0,1.0
6,Min Sum,Full-Contraction,1.0,1133.405644108213,70,0,1.0
6,Min Sum,Full-Contraction,1.0,1339.6036127553725,67,0,1.0
6,Min Sum,Full-Contraction,1.0,1098.9066079498755,69,0,1.0
6,Min Sum,Full-Contraction,1.0,1213.4126199508687,64,0,1.0
6,Min Sum,Full-Contraction,1.0,1252.558046629183,66,0,1.0
6,Min Sum,Full-Contraction,1.0,1195.4583913123447,60,0,1.0
6,Min Sum,Full-Contraction,1.0,1195.4583913123447,60,0,1.0
6,Min Sum,Full-Contraction,1.0,996.4869807124394,62,0,1.0
6,Min Sum,Full-Contraction,1.0,1093.791521376339,63,0,1.0
6,Min Sum,Full-Contraction,1.0,1261.2153099803206,63,0,1.0
6,Min Sum,Full-Contraction,1.0,1057.5651078548894,69,0,1.0
6,Min Sum,Full-Contraction,1.0,1240.071682515885,62,0,1.0
6,Min Sum,Full-Contraction,1.0,1000.0943162909884,63,0,1.0
6,Min Sum,Full-Contraction,1.0,1098.9066079498755,69,0,1.0
6,Min Sum,Full-Contraction,1.0,1147.0821179526724,62,0,1.0
6,Min Sum,Full-Contraction,1.0,1098.9066079498755,69,0,1.0
6,Min Sum,Full-Contraction,1.0,1195.4583913123447,60,0,1.0
6,Min Sum,Full-Contraction,1.0,921.8820125291898,64,0,1.0
6,Min Sum,Full-Contraction,1.0,1057.5651078548894,69,0,1.0
6,Min Sum,Full-Contraction,1.0,1261.2153099803206,63,0,1.0
6,Min Sum,Full-Contraction,1.0,1261.2153099803206,63,0,1.0
6,Min Sum,Full-Contraction,1.0,1171.800686499504,72,0,1.0
6,Min Sum,Full-Contraction,1.0,1195.4583913123447,63,0,1.0
6,Min Sum,Full-Contraction,1.0,918.6102214206355,60,0,1.0
6,Min Sum,Full-Contraction,1.0,1339.6036127553725,76,0,1.0
6,Min Sum,Full-Contraction,1.0,1243.8047437733196,76,0,1.0
6,Min Sum,Full-Contraction,1.0,1078.8111219362916,62,0,1.0
6,Min Sum,Full-Contraction,1.0,1261.2153099803206,76,0,1.0
6,Min Sum,Full-Contraction,1.0,1339.6036127553725,76,0,1.0
6,Min Sum,Full-Contraction,1.0,1339.6036127553725,67,0,1.0
6,Min Sum,Full-Contraction,1.0,1339.6036127553725,67,0,1.0
6,Min Sum,Full-Contraction,1.0,1195.4583913123447,63,0,1.0
6,Min Sum,Full-Contraction,1.0,1240.071682515885,62,0,1.0
6,Min Sum,Full-Contraction,1.0,1057.5651078548894,69,0,1.0
6,Min Sum,Full-Contraction,1.0,1133.405644108213,70,0,1.0
6,Min Sum,Full-Contraction,1.0,1375.7547778415847,69,0,1.0
6,Min Sum,Full-Contraction,1.0,1320.8290426455637,66,0,1.0
6,Min Sum,Full-Contraction,1.0,1375.7547778415847,70,0,1.0
6,Min Sum,Full-Contraction,1.0,1261.2153099803206,63,0,1.0
6,Min Sum,Full-Contraction,1.0,1261.2153099803206,63,0,1.0
6,Min Sum,Full-Contraction,1.0,1078.8111219362913,58,0,1.0
6,Min Sum,Full-Contraction,1.0,1261.2153099803206,67,0,1.0
6,Min Sum,Full-Contraction,1.0,1078.8111219362913,58,0,1.0
6,Min Sum,Full-Contraction,1.0,1195.4583913123447,69,0,1.0
6,Min Sum,Full-Contraction,1.0,1121.1457205370393,62,0,1.0
6,Min Sum,Full-Contraction,1.0,1147.0821179526724,69,0,1.0
6,Min Sum,Full-Contraction,1.0,1171.800686499504,63,0,1.0
6,Min Sum,Full-Contraction,1.0,1375.7547778415847,69,0,1.0
6,Min Sum,Full-Contraction,1.0,1059.352333375247,67,0,1.0
6,Min Sum,Full-Contraction,1.0,1043.9273687758784,67,0,1.0
6,Min Sum,Full-Contraction,1.0,1304.0926495682977,65,0,1.0
6,Min Sum,Full-Contraction,1.0,1201.850425154663,67,0,1.0
6,Min Sum,Full-Contraction,1.0,1208.3205122228092,74,0,1.0
6,Min Sum,Full-Contraction,1.0,1376.2387692181987,69,0,1.0
6,Min Sum,Full-Contraction,1.0,1376.2387692181987,69,0,1.0
6,Min Sum,Full-Contraction,1.0,1212.8438709335255,61,0,1.0
6,Min Sum,Full-Contraction,1.0,1250.6094842894395,64,0,1.0
6,Min Sum,Full-Contraction,1.0,1143.5525657806552,58,0,1.0
6,Min Sum,Full-Contraction,1.0,1059.352333375247,67,0,1.0
6,Min Sum,Full-Contraction,1.0,1043.9273687758784,67,0,1.0
6,Min Sum,Full-Contraction,1.0,1077.3687618680112,67,0,1.0
6,Min Sum,Full-Contraction,1.0,1043.9273687758784,67,0,1.0
6,Min Sum,Full-Contraction,1.0,1313.5104901250634,74,0,1.0
6,Min Sum,Full-Contraction,1.0,1400.0,72,0,1.0
6,Min Sum,Full-Contraction,1.0,1084.1391565420008,56,0,1.0
6,Min Sum,Full-Contraction,1.0,1376.2387692181987,69,0,1.0
6,Min Sum,Full-Contraction,1.0,1313.5104901250634,66,0,1.0
6,Min Sum,Full-Contraction,1.0,1105.3500775913835,67,0,1.0
6,Min Sum,Full-Contraction,1.0,1250.6094842894395,64,0,1.0
6,Min Sum,Full-Contraction,1.0,1297.7237399820435,67,0,1.0
6,Min Sum,Full-Contraction,1.0,1049.3793474797885,58,0,1.0
6,Min Sum,Full-Contraction,1.0,1049.3793474797885,58,0,1.0
6,Min Sum,Full-Contraction,1.0,1043.9273687758784,60,0,1.0
6,Min Sum,Full-Contraction,1.0,1049.3793474797885,61,0,1.0
6,Min Sum,Full-Contraction,1.0,1212.8438709335255,61,0,1.0
6,Min Sum,Full-Contraction,1.0,1043.9273687758784,67,0,1.0
6,Min Sum,Full-Contraction,1.0,1201.850425154663,60,0,1.0
6,Min Sum,Full-Contraction,1.0,948.9354295410166,61,0,1.0
6,Min Sum,Full-Contraction,1.0,1059.352333375247,67,0,1.0
6,Min Sum,Full-Contraction,1.0,1118.3977024526657,60,0,1.0
6,Min Sum,Full-Contraction,1.0,1118.3977024526657,67,0,1.0
6,Min Sum,Full-Contraction,1.0,929.2204726372017,58,0,1.0
6,Min Sum,Full-Contraction,1.0,1012.238077682643,64,0,1.0
6,Min Sum,Full-Contraction,1.0,897.7237399820438,67,0,1.0
6,Min Sum,Full-Contraction,1.0,1212.8438709335255,61,0,1.0
6,Min Sum,Full-Contraction,1.0,1212.8438709335255,61,0,1.0
6,Min Sum,Full-Contraction,1.0,1169.5905576681344,72,0,1.0
6,Min Sum,Full-Contraction,1.0,948.9354295410166,61,0,1.0
6,Min Sum,Full-Contraction,1.0,956.1637185295177,58,0,1.0
6,Min Sum,Full-Contraction,1.0,1313.5104901250634,74,0,1.0
6,Min Sum,Full-Contraction,1.0,1143.5525657806552,74,0,1.0
6,Min Sum,Full-Contraction,1.0,1201.850425154663,60,0,1.0
6,Min Sum,Full-Contraction,1.0,1212.8438709335255,74,0,1.0
6,Min Sum,Full-Contraction,1.0,1313.5104901250634,74,0,1.0
6,Min Sum,Full-Contraction,1.0,1313.5104901250634,66,0,1.0
6,Min Sum,Full-Contraction,1.0,1313.5104901250634,66,0,1.0
6,Min Sum,Full-Contraction,1.0,1201.850425154663,61,0,1.0
6,Min Sum,Full-Contraction,1.0,1201.850425154663,60,0,1.0
6,Min Sum,Full-Contraction,1.0,1043.9273687758784,67,0,1.0
6,Min Sum,Full-Contraction,1.0,1376.2387692181987,69,0,1.0
6,Min Sum,Full-Contraction,1.0,1331.9822858927087,67,0,1.0
6,Min Sum,Full-Contraction,1.0,1304.0926495682977,65,0,1.0
6,Min Sum,Full-Contraction,1.0,1331.9822858927087,69,0,1.0
6,Min Sum,Full-Contraction,1.0,1212.8438709335255,61,0,1.0
6,Min Sum,Full-Contraction,1.0,1212.8438709335255,61,0,1.0
6,Min Sum,Full-Contraction,1.0,1084.1391565420008,58,0,1.0
6,Min Sum,Full-Contraction,1.0,1212.8438709335255,66,0,1.0
6,Min Sum,Full-Contraction,1.0,1118.3977024526657,56,0,1.0
6,Min Sum,Full-Contraction,1.0,1143.5525657806552,67,0,1.0
6,Min Sum,Full-Contraction,1.0,1105.3500775913835,60,0,1.0
6,Min Sum,Full-Contraction,1.0,1331.9822858927087,67,0,1.0
6,Min Sum,Full-Contraction,1.0,1002.3116985370747,61,0,1.0
6,Min Sum,Full-Contraction,1.0,1085.329303582516,67,0,1.0
6,Min Sum,Full-Contraction,1.0,968.8313805762209,50,0,1.0
6,Min Sum,Full-Contraction,1.0,1303.9532407520592,66,0,1.0
6,Min Sum,Full-Contraction,1.0,1028.0109889280518,55,0,1.0
6,Min Sum,Full-Contraction,1.0,1078.007172281732,62,0,1.0
6,Min Sum,Full-Contraction,1.0,721.1102550927978,38,0,1.0
6,Min Sum,Full-Contraction,1.0,1286.621379023444,72,0,1.0
6,Min Sum,Full-Contraction,1.0,1444.2623593233493,79,0,1.0
6,Min Sum,Full-Contraction,1.0,1286.621379023444,72,0,1.0
6,Min Sum,Full-Contraction,1.0,1427.7662556292087,78,0,1.0
6,Min Sum,Full-Contraction,1.0,1363.014581273465,72,0,1.0
6,Min Sum,Full-Contraction,1.0,1166.7809023762538,59,0,1.0
6,Min Sum,Full-Contraction,1.0,1303.9532407520592,66,0,1.0
6,Min Sum,Full-Contraction,1.0,1031.3755207963359,53,0,1.0
6,Min Sum,Full-Contraction,1.0,1282.5095732756877,66,0,1.0
6,Min Sum,Full-Contraction,1.0,800.0,45,0,1.0
6,Min Sum,Full-Contraction,1.0,1568.96920245735,85,0,1.0
6,Min Sum,Full-Contraction,1.0,1145.5612434792677,65,0,1.0
6,Min Sum,Full-Contraction,1.0,1286.621379023444,72,0,1.0
6,Min Sum,Full-Contraction,1.0,1028.0109889280518,55,0,1.0
6,Min Sum,Full-Contraction,1.0,831.8830507798009,50,0,1.0
6,Min Sum,Full-Contraction,1.0,1427.7662556292087,78,0,1.0
6,Min Sum,Full-Contraction,1.0,1444.2623593233493,79,0,1.0
6,Min Sum,Full-Contraction,1.0,1004.6317653406445,58,0,1.0
6,Min Sum,Full-Contraction,1.0,1004.6317653406445,58,0,1.0
6,Min Sum,Full-Contraction,1.0,1260.555127546399,66,0,1.0
6,Min Sum,Full-Contraction,1.0,1363.014581273465,72,0,1.0
6,Min Sum,Full-Contraction,1.0,1078.007172281732,62,0,1.0
6,Min Sum,Full-Contraction,1.0,1282.5095732756877,66,0,1.0
6,Min Sum,Full-Contraction,1.0,1286.621379023444,72,0,1.0
6,Min Sum,Full-Contraction,1.0,1243.3981132056604,66,0,1.0
6,Min Sum,Full-Contraction,1.0,1078.007172281732,62,0,1.0
6,Min Sum,Full-Contraction,1.0,1200.0,64,0,1.0
6,Min Sum,Full-Contraction,1.0,831.8830507798009,50,0,1.0
6,Min Sum,Full-Contraction,1.0,1004.6317653406445,58,0,1.0
6,Min Sum,Full-Contraction,1.0,1166.7809023762538,64,0,1.0
6,Min Sum,Full-Contraction,1.0,1286.621379023444,72,0,1.0
6,Min Sum,Full-Contraction,1.0,968.8313805762209,53,0,1.0
6,Min Sum,Full-Contraction,1.0,1363.014581273465,72,0,1.0
6,Min Sum,Full-Contraction,1.0,1214.955502078152,62,0,1.0
6,Min Sum,Full-Contraction,1.0,899.0716082598493,50,0,1.0
6,Min Sum,Full-Contraction,1.0,1286.621379023444,72,0,1.0
6,Min Sum,Full-Contraction,1.0,899.0716082598493,46,0,1.0
6,Min Sum,Full-Contraction,1.0,899.0716082598493,46,0,1.0
6,Min Sum,Full-Contraction,1.0,1381.6653826391969,72,0,1.0
6,Min Sum,Full-Contraction,1.0,831.8830507798009,50,0,1.0
6,Min Sum,Full-Contraction,1.0,860.5551275463989,45,0,1.0
6,Min Sum,Full-Contraction,1.0,1028.0109889280518,55,0,1.0
6,Min Sum,Full-Contraction,1.0,1028.0109889280518,55,0,1.0
6,Min Sum,Full-Contraction,1.0,1284.8857801796105,68,0,1.0
6,Min Sum,Full-Contraction,1.0,1221.9544457292886,65,0,1.0
6,Min Sum,Full-Contraction,1.0,1282.5095732756877,65,0,1.0
6,Min Sum,Full-Contraction,1.0,1221.9544457292886,66,0,1.0
6,Min Sum,Full-Contraction,1.0,968.8313805762209,53,0,1.0
6,Min Sum,Full-Contraction,1.0,1028.0109889280518,55,0,1.0
6,Min Sum,Full-Contraction,1.0,831.8830507798009,50,0,1.0
6,Min Sum,Full-Contraction,1.0,968.8313805762209,53,0,1.0
6,Min Sum,Full-Contraction,1.0,1363.014581273465,72,0,1.0
6,Min Sum,Full-Contraction,1.0,1363.014581273465,72,0,1.0
6,Min Sum,Full-Contraction,1.0,1078.007172281732,62,0,1.0
6,Min Sum,Full-Contraction,1.0,1221.9544457292886,65,0,1.0
6,Min Sum,Full-Contraction,1.0,831.8830507798009,50,0,1.0
6,Min Sum,Full-Contraction,1.0,1167.0049109556394,66,0,1.0
6,Min Sum,Full-Contraction,1.0,1145.5612434792677,65,0,1.0
6,Min Sum,Full-Contraction,1.0,1123.606797749979,64,0,1.0
6,Min Sum,Full-Contraction,1.0,1029.8325725798338,59,0,1.0
6,Min Sum,Full-Contraction,1.0,1124.3756542696046,69,0,1.0
6,Min Sum,Full-Contraction,1.0,1323.4562836465966,71,0,1.0
6,Min Sum,Full-Contraction,1.0,1281.3029638195258,65,0,1.0
6,Min Sum,Full-Contraction,1.0,1135.3196088799696,69,0,1.0
6,Min Sum,Full-Contraction,1.0,1310.656731080229,76,0,1.0
6,Min Sum,Full-Contraction,1.0,1122.354504210453,70,0,1.0
6,Min Sum,Full-Contraction,1.0,1122.354504210453,70,0,1.0
6,Min Sum,Full-Contraction,1.0,896.9606051506729,64,0,1.0
6,Min Sum,Full-Contraction,1.0,1000.0000000000001,65,0,1.0
6,Min Sum,Full-Contraction,1.0,1135.3196088799696,62,0,1.0
6,Min Sum,Full-Contraction,1.0,1001.4234817889756,69,0,1.0
6,Min Sum,Full-Contraction,1.0,1323.4562836465966,71,0,1.0
6,Min Sum,Full-Contraction,1.0,1310.656731080229,69,0,1.0
6,Min Sum,Full-Contraction,1.0,1323.4562836465966,71,0,1.0
6,Min Sum,Full-Contraction,1.0,1310.656731080229,76,0,1.0
6,Min Sum,Full-Contraction,1.0,1136.1063052528198,71,0,1.0
6,Min Sum,Full-Contraction,1.0,1041.3666234542206,60,0,1.0
6,Min Sum,Full-Contraction,1.0,1122.354504210453,70,0,1.0
6,Min Sum,Full-Contraction,1.0,1310.656731080229,66,0,1.0
6,Min Sum,Full-Contraction,1.0,1081.3029638195258,69,0,1.0
6,Min Sum,Full-Contraction,1.0,1122.354504210453,65,0,1.0
6,Min Sum,Full-Contraction,1.0,1036.2733185086431,65,0,1.0
6,Min Sum,Full-Contraction,1.0,1124.3756542696046,61,0,1.0
6,Min Sum,Full-Contraction,1.0,1124.3756542696046,61,0,1.0
6,Min Sum,Full-Contraction,1.0,1036.2733185086431,65,0,1.0
6,Min Sum,Full-Contraction,1.0,1090.2835614149458,65,0,1.0
6,Min Sum,Full-Contraction,1.0,1081.3029638195258,64,0,1.0
6,Min Sum,Full-Contraction,1.0,1323.4562836465966,71,0,1.0
6,Min Sum,Full-Contraction,1.0,1020.1537991727405,62,0,1.0
6,Min Sum,Full-Contraction,1.0,1207.0586544595772,65,0,1.0
6,Min Sum,Full-Contraction,1.0,1020.1537991727405,69,0,1.0
6,Min Sum,Full-Contraction,1.0,1187.349978393777,65,0,1.0
6,Min Sum,Full-Contraction,1.0,1001.4234817889756,69,0,1.0
6,Min Sum,Full-Contraction,1.0,1124.3756542696046,61,0,1.0
6,Min Sum,Full-Contraction,1.0,1229.2725943057183,65,0,1.0
6,Min Sum,Full-Contraction,1.0,1323.4562836465966,71,0,1.0
6,Min Sum,Full-Contraction,1.0,1177.2738318468505,64,0,1.0
6,Min Sum,Full-Contraction,1.0,1187.349978393777,65,0,1.0
6,Min Sum,Full-Contraction,1.0,1392.096549798899,70,0,1.0
6,Min Sum,Full-Contraction,1.0,1135.3196088799696,64,0,1.0
6,Min Sum,Full-Contraction,1.0,1041.3666234542206,62,0,1.0
6,Min Sum,Full-Contraction,1.0,1310.656731080229,76,0,1.0
6,Min Sum,Full-Contraction,1.0,1310.656731080229,76,0,1.0
6,Min Sum,Full-Contraction,1.0,855.0063821837917,62,0,1.0
6,Min Sum,Full-Contraction,1.0,1166.5330176609195,77,0,1.0
6,Min Sum,Full-Contraction,1.0,1310.656731080229,76,0,1.0
6,Min Sum,Full-Contraction,1.0,1310.656731080229,66,0,1.0
6,Min Sum,Full-Contraction,1.0,1310.656731080229,66,0,1.0
6,Min Sum,Full-Contraction,1.0,1229.2725943057183,64,0,1.0
6,Min Sum,Full-Contraction,1.0,854.0166450604437,62,0,1.0
6,Min Sum,Full-Contraction,1.0,1323.4562836465966,71,0,1.0
6,Min Sum,Full-Contraction,1.0,1122.354504210453,70,0,1.0
6,Min Sum,Full-Contraction,1.0,1310.656731080229,69,0,1.0
6,Min Sum,Full-Contraction,1.0,1281.3029638195258,65,0,1.0
6,Min Sum,Full-Contraction,1.0,1310.656731080229,70,0,1.0
6,Min Sum,Full-Contraction,1.0,1177.2738318468505,64,0,1.0
6,Min Sum,Full-Contraction,1.0,1187.349978393777,65,0,1.0
6,Min Sum,Full-Contraction,1.0,1090.2835614149458,60,0,1.0
6,Min Sum,Full-Contraction,1.0,1177.2738318468505,66,0,1.0
6,Min Sum,Full-Contraction,1.0,1122.354504210453,60,0,1.0
6,Min Sum,Full-Contraction,1.0,1124.3756542696046,69,0,1.0
6,Min Sum,Full-Contraction,1.0,1020.1537991727405,62,0,1.0
6,Min Sum,Full-Contraction,1.0,1001.4234817889756,69,0,1.0
6,Min Sum,Full-Contraction,1.0,1207.0586544595772,65,0,1.0
6,Min Sum,Full-Contraction,1.0,1229.2725943057183,69,0,1.0
6,Min Sum,Full-Contraction,1.0,1162.757653988404,66,0,1.0
6,Min Sum,Full-Contraction,1.0,1000.8019568131263,71,0,1.0
6,Min Sum,Full-Contraction,1.0,1041.706249742353,65,0,1.0
6,Min Sum,Full-Contraction,1.0,1302.8272434316852,66,0,1.0
6,Min Sum,Full-Contraction,1.0,1186.9730374937265,73,0,1.0
6,Min Sum,Full-Contraction,1.0,1362.4409760969284,68,0,1.0
6,Min Sum,Full-Contraction,1.0,1362.4409760969284,72,0,1.0
6,Min Sum,Full-Contraction,1.0,1188.694051404037,64,0,1.0
6,Min Sum,Full-Contraction,1.0,1229.4746167020387,71,0,1.0
6,Min Sum,Full-Contraction,1.0,1188.6940514040368,64,0,1.0
6,Min Sum,Full-Contraction,1.0,1188.6940514040368,66,0,1.0
6,Min Sum,Full-Contraction,1.0,1000.8019568131263,71,0,1.0
6,Min Sum,Full-Contraction,1.0,1080.8516764206674,68,0,1.0
6,Min Sum,Full-Contraction,1.0,1054.0925533894597,71,0,1.0
6,Min Sum,Full-Contraction,1.0,1302.8272434316852,73,0,1.0
6,Min Sum,Full-Contraction,1.0,1374.3727525254828,78,0,1.0
6,Min Sum,Full-Contraction,1.0,1049.1782301727987,62,0,1.0
6,Min Sum,Full-Contraction,1.0,1362.4409760969284,68,0,1.0
6,Min Sum,Full-Contraction,1.0,1213.4126199508687,65,0,1.0
6,Min Sum,Full-Contraction,1.0,1323.295549418614,66,0,1.0
6,Min Sum,Full-Contraction,1.0,1229.4746167020387,71,0,1.0
6,Min Sum,Full-Contraction,1.0,1317.2642494367096,72,0,1.0
6,Min Sum,Full-Contraction,1.0,1041.706249742353,59,0,1.0
6,Min Sum,Full-Contraction,1.0,1041.706249742353,59,0,1.0
6,Min Sum,Full-Contraction,1.0,1000.8019568131263,65,0,1.0
6,Min Sum,Full-Contraction,1.0,1281.6836159672494,64,0,1.0
6,Min Sum,Full-Contraction,1.0,1188.694051404037,61,0,1.0
6,Min Sum,Full-Contraction,1.0,1054.0925533894597,71,0,1.0
6,Min Sum,Full-Contraction,1.0,1188.694051404037,64,0,1.0
6,Min Sum,Full-Contraction,1.0,1004.8354460755403,64,0,1.0
6,Min Sum,Full-Contraction,1.0,1041.706249742353,66,0,1.0
6,Min Sum,Full-Contraction,1.0,1041.706249742353,65,0,1.0
6,Min Sum,Full-Contraction,1.0,1323.295549418614,66,0,1.0
6,Min Sum,Full-Contraction,1.0,1041.706249742353,59,0,1.0
6,Min Sum,Full-Contraction,1.0,856.012837870817,66,0,1.0
6,Min Sum,Full-Contraction,1.0,1147.0821179526724,71,0,1.0
6,Min Sum,Full-Contraction,1.0,1213.4126199508687,61,0,1.0
6,Min Sum,Full-Contraction,1.0,1281.6836159672494,65,0,1.0
6,Min Sum,Full-Contraction,1.0,1333.9608391554102,73,0,1.0
6,Min Sum,Full-Contraction,1.0,963.4939459805541,61,0,1.0
6,Min Sum,Full-Contraction,1.0,1188.6940514040368,64,0,1.0
6,Min Sum,Full-Contraction,1.0,1302.8272434316852,73,0,1.0
6,Min Sum,Full-Contraction,1.0,1188.6940514040368,73,0,1.0
6,Min Sum,Full-Contraction,1.0,1188.694051404037,65,0,1.0
6,Min Sum,Full-Contraction,1.0,1213.4126199508687,74,0,1.0
6,Min Sum,Full-Contraction,1.0,1302.8272434316852,73,0,1.0
6,Min Sum,Full-Contraction,1.0,1302.8272434316852,65,0,1.0
6,Min Sum,Full-Contraction,1.0,915.5068782381039,65,0,1.0
6,Min Sum,Full-Contraction,1.0,1162.757653988404,62,0,1.0
6,Min Sum,Full-Contraction,1.0,1049.1782301727987,62,0,1.0
6,Min Sum,Full-Contraction,1.0,870.2339480609631,71,0,1.0
6,Min Sum,Full-Contraction,1.0,1362.4409760969284,68,0,1.0
6,Min Sum,Full-Contraction,1.0,1302.8272434316852,66,0,1.0
6,Min Sum,Full-Contraction,1.0,1302.8272434316852,65,0,1.0
6,Min Sum,Full-Contraction,1.0,1362.4409760969284,68,0,1.0
6,Min Sum,Full-Contraction,1.0,1213.4126199508687,61,0,1.0
6,Min Sum,Full-Contraction,1.0,1281.6836159672494,65,0,1.0
6,Min Sum,Full-Contraction,1.0,1147.0821179526724,64,0,1.0
6,Min Sum,Full-Contraction,1.0,1213.4126199508687,65,0,1.0
6,Min Sum,Full-Contraction,1.0,963.4939459805541,62,0,1.0
6,Min Sum,Full-Contraction,1.0,1323.295549418614,66,0,1.0
6,Min Sum,Full-Contraction,1.0,1188.694051404037,60,0,1.0
6,Min Sum,Full-Contraction,1.0,1323.295549418614,66,0,1.0
6,Min Sum,Full-Contraction,1.0,1281.6836159672494,65,0,1.0
6,Min Sum,Full-Contraction,1.0,1323.295549418614,66,0,1.0
6,Min Sum,Full-Contraction,1.0,1401.7269516861834,72,0,1.0
6,Min Sum,Full-Contraction,1.0,1116.348571682447,66,0,1.0
6,Min Sum,Full-Contraction,1.0,1472.935195086647,75,0,1.0
6,Min Sum,Full-Contraction,1.0,1416.4118937954956,72,0,1.0
6,Min Sum,Full-Contraction,1.0,1416.4118937954956,73,0,1.0
6,Min Sum,Full-Contraction,1.0,1401.7269516861834,72,0,1.0
6,Min Sum,Full-Contraction,1.0,1498.8715925022802,75,0,1.0
6,Min Sum,Full-Contraction,1.0,1300.2071770109435,66,0,1.0
6,Min Sum,Full-Contraction,1.0,1350.3188790432946,68,0,1.0
6,Min Sum,Full-Contraction,1.0,1300.2071770109435,66,0,1.0
6,Min Sum,Full-Contraction,1.0,1381.3484381927294,78,0,1.0
6,Min Sum,Full-Contraction,1.0,1116.348571682447,66,0,1.0
6,Min Sum,Full-Contraction,1.0,1564.6469548486848,80,0,1.0
6,Min Sum,Full-Contraction,1.0,1116.348571682447,66,0,1.0
6,Min Sum,Full-Contraction,1.0,1416.4118937954956,73,0,1.0
6,Min Sum,Full-Contraction,1.0,1539.1947067406618,77,0,1.0
6,Min Sum,Full-Contraction,1.0,1256.8288158627392,68,0,1.0
6,Min Sum,Full-Contraction,1.0,1300.2071770109435,72,0,1.0
6,Min Sum,Full-Contraction,1.0,1416.4118937954956,72,0,1.0
6,Min Sum,Full-Contraction,1.0,1291.3278520210768,66,0,1.0
6,Min Sum,Full-Contraction,1.0,1350.3188790432946,68,0,1.0
6,Min Sum,Full-Contraction,1.0,1498.8715925022802,75,0,1.0
6,Min Sum,Full-Contraction,1.0,1121.1457205370393,59,0,1.0
6,Min Sum,Full-Contraction,1.0,1142.2893480014752,63,0,1.0
6,Min Sum,Full-Contraction,1.0,1116.348571682447,66,0,1.0
6,Min Sum,Full-Contraction,1.0,1116.348571682447,66,0,1.0
6,Min Sum,Full-Contraction,1.0,1350.3188790432946,68,0,1.0
6,Min Sum,Full-Contraction,1.0,1116.348571682447,66,0,1.0
6,Min Sum,Full-Contraction,1.0,1300.2071770109435,68,0,1.0
6,Min Sum,Full-Contraction,1.0,1142.2893480014752,66,0,1.0
6,Min Sum,Full-Contraction,1.0,1350.3188790432946,68,0,1.0
6,Min Sum,Full-Contraction,1.0,1220.6776507765271,63,0,1.0
6,Min Sum,Full-Contraction,1.0,1220.6776507765271,65,0,1.0
6,Min Sum,Full-Contraction,1.0,1142.2893480014752,59,0,1.0
6,Min Sum,Full-Contraction,1.0,1381.3484381927294,78,0,1.0
6,Min Sum,Full-Contraction,1.0,1300.2071770109435,66,0,1.0
6,Min Sum,Full-Contraction,1.0,1256.8288158627392,66,0,1.0
6,Min Sum,Full-Contraction,1.0,1116.348571682447,66,0,1.0
6,Min Sum,Full-Contraction,1.0,1525.4641947641135,85,0,1.0
6,Min Sum,Full-Contraction,1.0,1256.8288158627392,65,0,1.0
6,Min Sum,Full-Contraction,1.0,1300.2071770109435,66,0,1.0
6,Min Sum,Full-Contraction,1.0,1416.4118937954956,73,0,1.0
6,Min Sum,Full-Contraction,1.0,1416.4118937954956,73,0,1.0
6,Min Sum,Full-Contraction,1.0,1168.225745417108,66,0,1.0
6,Min Sum,Full-Contraction,1.0,1256.8288158627392,68,0,1.0
6,Min Sum,Full-Contraction,1.0,1416.4118937954956,73,0,1.0
6,Min Sum,Full-Contraction,1.0,1416.4118937954956,72,0,1.0
6,Min Sum,Full-Contraction,1.0,1416.4118937954956,72,0,1.0
6,Min Sum,Full-Contraction,1.0,1043.9808727538548,62,0,1.0
6,Min Sum,Full-Contraction,1.0,1043.9808727538548,62,0,1.0
6,Min Sum,Full-Contraction,1.0,1166.460273714798,68,0,1.0
6,Min Sum,Full-Contraction,1.0,1220.6776507765271,72,0,1.0
6,Min Sum,Full-Contraction,1.0,1416.4118937954956,72,0,1.0
6,Min Sum,Full-Contraction,1.0,1472.935195086647,75,0,1.0
6,Min Sum,Full-Contraction,1.0,1416.4118937954956,72,0,1.0
6,Min Sum,Full-Contraction,1.0,1401.7269516861834,72,0,1.0
6,Min Sum,Full-Contraction,1.0,1116.348571682447,66,0,1.0
6,Min Sum,Full-Contraction,1.0,1142.2893480014752,66,0,1.0
6,Min Sum,Full-Contraction,1.0,1416.4118937954956,72,0,1.0
6,Min Sum,Full-Contraction,1.0,1220.6776507765271,63,0,1.0
6,Min Sum,Full-Contraction,1.0,1256.8288158627392,66,0,1.0
6,Min Sum,Full-Contraction,1.0,1324.3824816276615,68,0,1.0
6,Min Sum,Full-Contraction,1.0,1220.6776507765271,64,0,1.0
6,Min Sum,Full-Contraction,1.0,1256.8288158627392,65,0,1.0
6,Min Sum,Full-Contraction,1.0,1539.270646105593,78,0,1.0
6,Min Sum,Full-Contraction,1.0,811.0350040397626,47,0,1.0
6,Min Sum,Full-Contraction,1.0,1287.854737551757,71,0,1.0
6,Min Sum,Full-Contraction,1.0,1066.6666666666667,58,0,1.0
6,Min Sum,Full-Contraction,1.0,1091.892844752348,55,0,1.0
6,Min Sum,Full-Contraction,1.0,926.2008137469916,47,0,1.0
6,Min Sum,Full-Contraction,1.0,1280.8446935701263,68,0,1.0
6,Min Sum,Full-Contraction,1.0,1418.5880397399806,75,0,1.0
6,Min Sum,Full-Contraction,1.0,1280.8446935701263,68,0,1.0
6,Min Sum,Full-Contraction,1.0,1442.8877984728824,76,0,1.0
6,Min Sum,Full-Contraction,1.0,1353.0288622566743,68,0,1.0
6,Min Sum,Full-Contraction,1.0,1009.2098445623758,51,0,1.0
6,Min Sum,Full-Contraction,1.0,1255.8064991461204,71,0,1.0
6,Min Sum,Full-Contraction,1.0,886.2576720817465,46,0,1.0
6,Min Sum,Full-Contraction,1.0,1255.8064991461204,71,0,1.0
6,Min Sum,Full-Contraction,1.0,886.2576720817465,50,0,1.0
6,Min Sum,Full-Contraction,1.0,1562.6059276390515,82,0,1.0
6,Min Sum,Full-Contraction,1.0,1173.703418364266,67,0,1.0
6,Min Sum,Full-Contraction,1.0,1280.8446935701263,68,0,1.0
6,Min Sum,Full-Contraction,1.0,1066.6666666666667,58,0,1.0
6,Min Sum,Full-Contraction,1.0,827.1545233756652,43,0,1.0
6,Min Sum,Full-Contraction,1.0,1442.8877984728824,76,0,1.0
6,Min Sum,Full-Contraction,1.0,1418.5880397399806,75,0,1.0
6,Min Sum,Full-Contraction,1.0,1000.0000000000001,55,0,1.0
6,Min Sum,Full-Contraction,1.0,1000.0000000000001,55,0,1.0
6,Min Sum,Full-Contraction,1.0,1208.2904739393678,68,0,1.0
6,Min Sum,Full-Contraction,1.0,1353.0288622566743,68,0,1.0
6,Min Sum,Full-Contraction,1.0,1091.892844752348,55,0,1.0
6,Min Sum,Full-Contraction,1.0,1348.7697474485212,71,0,1.0
6,Min Sum,Full-Contraction,1.0,1280.8446935701263,68,0,1.0
6,Min Sum,Full-Contraction,1.0,1208.2904739393678,63,0,1.0
6,Min Sum,Full-Contraction,1.0,1091.892844752348,55,0,1.0
6,Min Sum,Full-Contraction,1.0,1287.854737551757,68,0,1.0
6,Min Sum,Full-Contraction,1.0,827.1545233756652,43,0,1.0
6,Min Sum,Full-Contraction,1.0,1000.0000000000001,55,0,1.0
6,Min Sum,Full-Contraction,1.0,1287.854737551757,68,0,1.0
6,Min Sum,Full-Contraction,1.0,1280.8446935701263,71,0,1.0
6,Min Sum,Full-Contraction,1.0,854.0166450604437,47,0,1.0
6,Min Sum,Full-Contraction,1.0,1280.8446935701263,68,0,1.0
6,Min Sum,Full-Contraction,1.0,1066.6666666666667,58,0,1.0
6,Min Sum,Full-Contraction,1.0,907.0367516975994,55,0,1.0
6,Min Sum,Full-Contraction,1.0,1280.8446935701263,68,0,1.0
6,Min Sum,Full-Contraction,1.0,907.0367516975994,55,0,1.0
6,Min Sum,Full-Contraction,1.0,907.0367516975994,55,0,1.0
6,Min Sum,Full-Contraction,1.0,1353.0288622566743,71,0,1.0
6,Min Sum,Full-Contraction,1.0,1009.2098445623758,51,0,1.0
6,Min Sum,Full-Contraction,1.0,886.2576720817465,50,0,1.0
6,Min Sum,Full-Contraction,1.0,1066.6666666666667,58,0,1.0
6,Min Sum,Full-Contraction,1.0,1066.6666666666667,58,0,1.0
6,Min Sum,Full-Contraction,1.0,1287.854737551757,68,0,1.0
6,Min Sum,Full-Contraction,1.0,1266.6666666666667,67,0,1.0
6,Min Sum,Full-Contraction,1.0,1348.7697474485212,71,0,1.0
6,Min Sum,Full-Contraction,1.0,1208.2904739393678,63,0,1.0
6,Min Sum,Full-Contraction,1.0,854.0166450604437,47,0,1.0
6,Min Sum,Full-Contraction,1.0,1066.6666666666667,58,0,1.0
6,Min Sum,Full-Contraction,1.0,827.1545233756652,43,0,1.0
6,Min Sum,Full-Contraction,1.0,854.0166450604437,47,0,1.0
6,Min Sum,Full-Contraction,1.0,1353.0288622566743,68,0,1.0
6,Min Sum,Full-Contraction,1.0,1353.0288622566743,68,0,1.0
6,Min Sum,Full-Contraction,1.0,1091.892844752348,55,0,1.0
6,Min Sum,Full-Contraction,1.0,1266.6666666666667,67,0,1.0
6,Min Sum,Full-Contraction,1.0,827.1545233756652,47,0,1.0
6,Min Sum,Full-Contraction,1.0,1136.1063052528198,61,0,1.0
6,Min Sum,Full-Contraction,1.0,1168.6642724094445,63,0,1.0
6,Min Sum,Full-Contraction,1.0,1287.854737551757,68,0,1.0
6,Min Sum,Full-Contraction,1.0,1009.2098445623758,51,0,1.0
6,Min Sum,Full-Contraction,1.0,1201.4153074981073,63,0,1.0
6,Min Sum,Full-Contraction,1.0,1240.7916138718895,63,0,1.0
6,Min Sum,Full-Contraction,1.0,1266.5459916834752,66,0,1.0
6,Min Sum,Full-Contraction,1.0,1240.7916138718895,64,0,1.0
6,Min Sum,Full-Contraction,1.0,1220.6399268663004,68,0,1.0
6,Min Sum,Full-Contraction,1.0,1297.7237399820438,66,0,1.0
6,Min Sum,Full-Contraction,1.0,1483.787766146507,75,0,1.0
6,Min Sum,Full-Contraction,1.0,1297.7237399820438,66,0,1.0
6,Min Sum,Full-Contraction,1.0,1400.0,71,0,1.0
6,Min Sum,Full-Contraction,1.0,1043.9273687758784,66,0,1.0
6,Min Sum,Full-Contraction,1.0,1140.6514819097629,71,0,1.0
6,Min Sum,Full-Contraction,1.0,1240.7916138718895,63,0,1.0
6,Min Sum,Full-Contraction,1.0,1148.6134461846939,71,0,1.0
6,Min Sum,Full-Contraction,1.0,1240.7916138718895,63,0,1.0
6,Min Sum,Full-Contraction,1.0,1220.6399268663004,68,0,1.0
6,Min Sum,Full-Contraction,1.0,1567.222067986909,79,0,1.0
6,Min Sum,Full-Contraction,1.0,1072.2497224451088,63,0,1.0
6,Min Sum,Full-Contraction,1.0,1240.7916138718895,66,0,1.0
6,Min Sum,Full-Contraction,1.0,1220.6399268663004,64,0,1.0
6,Min Sum,Full-Contraction,1.0,1118.3977024526657,59,0,1.0
6,Min Sum,Full-Contraction,1.0,1400.0,71,0,1.0
6,Min Sum,Full-Contraction,1.0,1483.787766146507,75,0,1.0
6,Min Sum,Full-Contraction,1.0,1043.9273687758784,53,0,1.0
6,Min Sum,Full-Contraction,1.0,1043.9273687758784,55,0,1.0
6,Min Sum,Full-Contraction,1.0,1240.7916138718895,63,0,1.0
6,Min Sum,Full-Contraction,1.0,1071.0915316807186,66,0,1.0
6,Min Sum,Full-Contraction,1.0,1240.7916138718895,63,0,1.0
6,Min Sum,Full-Contraction,1.0,1240.7916138718895,63,0,1.0
6,Min Sum,Full-Contraction,1.0,1297.7237399820438,66,0,1.0
6,Min Sum,Full-Contraction,1.0,1240.7916138718895,63,0,1.0
6,Min Sum,Full-Contraction,1.0,1240.7916138718895,63,0,1.0
6,Min Sum,Full-Contraction,1.0,1084.1391565420008,55,0,1.0
6,Min Sum,Full-Contraction,1.0,1118.3977024526657,59,0,1.0
6,Min Sum,Full-Contraction,1.0,1043.9273687758784,53,0,1.0
6,Min Sum,Full-Contraction,1.0,1140.6514819097629,71,0,1.0
6,Min Sum,Full-Contraction,1.0,1297.7237399820438,66,0,1.0
6,Min Sum,Full-Contraction,1.0,1084.1391565420008,58,0,1.0
6,Min Sum,Full-Contraction,1.0,1084.1391565420008,66,0,1.0
6,Min Sum,Full-Contraction,1.0,1273.9848152430964,77,0,1.0
6,Min Sum,Full-Contraction,1.0,965.9266247777911,57,0,1.0
6,Min Sum,Full-Contraction,1.0,1297.7237399820438,66,0,1.0
6,Min Sum,Full-Contraction,1.0,1220.6399268663004,68,0,1.0
6,Min Sum,Full-Contraction,1.0,1220.6399268663004,68,0,1.0
6,Min Sum,Full-Contraction,1.0,1297.7237399820438,66,0,1.0
6,Min Sum,Full-Contraction,1.0,1121.4438992364412,66,0,1.0
6,Min Sum,Full-Contraction,1.0,1220.6399268663004,68,0,1.0
6,Min Sum,Full-Contraction,1.0,1220.6399268663004,64,0,1.0
6,Min Sum,Full-Contraction,1.0,1220.6399268663004,64,0,1.0
6,Min Sum,Full-Contraction,1.0,965.9266247777911,58,0,1.0
6,Min Sum,Full-Contraction,1.0,1071.0915316807186,55,0,1.0
6,Min Sum,Full-Contraction,1.0,981.4430957816523,63,0,1.0
6,Min Sum,Full-Contraction,1.0,1240.7916138718895,65,0,1.0
6,Min Sum,Full-Contraction,1.0,1220.6399268663004,64,0,1.0
6,Min Sum,Full-Contraction,1.0,1266.5459916834752,66,0,1.0
6,Min Sum,Full-Contraction,1.0,1220.6399268663004,65,0,1.0
6,Min Sum,Full-Contraction,1.0,1043.9273687758784,63,0,1.0
6,Min Sum,Full-Contraction,1.0,1084.1391565420008,66,0,1.0
6,Min Sum,Full-Contraction,1.0,1043.9273687758784,66,0,1.0
6,Min Sum,Full-Contraction,1.0,1240.7916138718895,64,0,1.0
6,Min Sum,Full-Contraction,1.0,1071.0915316807186,55,0,1.0
6,Min Sum,Full-Contraction,1.0,1121.4438992364412,59,0,1.0
6,Min Sum,Full-Contraction,1.0,1240.7916138718895,63,0,1.0
6,Min Sum,Full-Contraction,1.0,1121.4438992364412,59,0,1.0
6,Min Sum,Full-Contraction,1.0,1084.1391565420008,57,0,1.0
6,Min Sum,Full-Contraction,1.0,1350.8058232086673,71,0,1.0
6,Min Sum,Full-Contraction,1.0,1248.529563190711,63,0,1.0
6,Min Sum,Full-Contraction,1.0,1129.391148231528,63,0,1.0
6,Min Sum,Full-Contraction,1.0,1292.7860465162012,65,0,1.0
6,Min Sum,Full-Contraction,1.0,1257.592600247818,63,0,1.0
6,Min Sum,Full-Contraction,1.0,1230.0577674230658,63,0,1.0
6,Min Sum,Full-Contraction,1.0,1220.6399268663004,66,0,1.0
6,Min Sum,Full-Contraction,1.0,1308.6580047167197,75,0,1.0
6,Min Sum,Full-Contraction,1.0,1120.619548326851,66,0,1.0
6,Min Sum,Full-Contraction,1.0,1405.0409535882904,70,0,1.0
6,Min Sum,Full-Contraction,1.0,1120.619548326851,66,0,1.0
6,Min Sum,Full-Contraction,1.0,1405.0409535882904,70,0,1.0
6,Min Sum,Full-Contraction,1.0,1129.391148231528,63,0,1.0
6,Min Sum,Full-Contraction,1.0,1397.497742038273,70,0,1.0
6,Min Sum,Full-Contraction,1.0,1068.415370432354,63,0,1.0
6,Min Sum,Full-Contraction,1.0,1230.0577674230658,63,0,1.0
6,Min Sum,Full-Contraction,1.0,1576.2978348265735,78,0,1.0
6,Min Sum,Full-Contraction,1.0,1257.592600247818,63,0,1.0
6,Min Sum,Full-Contraction,1.0,1309.796778142315,66,0,1.0
6,Min Sum,Full-Contraction,1.0,1230.0577674230658,62,0,1.0
6,Min Sum,Full-Contraction,1.0,1129.391148231528,57,0,1.0
6,Min Sum,Full-Contraction,1.0,1405.0409535882904,70,0,1.0
6,Min Sum,Full-Contraction,1.0,1308.6580047167197,75,0,1.0
6,Min Sum,Full-Contraction,1.0,1060.0998430786576,54,0,1.0
6,Min Sum,Full-Contraction,1.0,1060.0998430786576,54,0,1.0
6,Min Sum,Full-Contraction,1.0,1068.415370432354,63,0,1.0
6,Min Sum,Full-Contraction,1.0,1309.796778142315,66,0,1.0
6,Min Sum,Full-Contraction,1.0,1257.592600247818,63,0,1.0
6,Min Sum,Full-Contraction,1.0,1068.415370432354,63,0,1.0
6,Min Sum,Full-Contraction,1.0,1257.592600247818,66,0,1.0
6,Min Sum,Full-Contraction,1.0,1068.415370432354,63,0,1.0
6,Min Sum,Full-Contraction,1.0,1129.391148231528,63,0,1.0
6,Min Sum,Full-Contraction,1.0,1034.9449797506682,52,0,1.0
6,Min Sum,Full-Contraction,1.0,1129.391148231528,57,0,1.0
6,Min Sum,Full-Contraction,1.0,1060.0998430786576,54,0,1.0
6,Min Sum,Full-Contraction,1.0,1405.0409535882904,70,0,1.0
6,Min Sum,Full-Contraction,1.0,1120.619548326851,66,0,1.0
6,Min Sum,Full-Contraction,1.0,1118.3977024526657,57,0,1.0
6,Min Sum,Full-Contraction,1.0,1309.796778142315,66,0,1.0
6,Min Sum,Full-Contraction,1.0,1531.2662449250374,76,0,1.0
6,Min Sum,Full-Contraction,1.0,1129.391148231528,57,0,1.0
6,Min Sum,Full-Contraction,1.0,1120.619548326851,66,0,1.0
6,Min Sum,Full-Contraction,1.0,1230.0577674230658,63,0,1.0
6,Min Sum,Full-Contraction,1.0,1230.0577674230658,63,0,1.0
6,Min Sum,Full-Contraction,1.0,1248.529563190711,66,0,1.0
6,Min Sum,Full-Contraction,1.0,968.7429424666909,60,0,1.0
6,Min Sum,Full-Contraction,1.0,1230.0577674230658,63,0,1.0
6,Min Sum,Full-Contraction,1.0,1230.0577674230658,62,0,1.0
6,Min Sum,Full-Contraction,1.0,1230.0577674230658,62,0,1.0
6,Min Sum,Full-Contraction,1.0,1118.3977024526657,56,0,1.0
6,Min Sum,Full-Contraction,1.0,845.7677499352042,52,0,1.0
6,Min Sum,Full-Contraction,1.0,1068.415370432354,63,0,1.0
6,Min Sum,Full-Contraction,1.0,1220.6399268663004,63,0,1.0
6,Min Sum,Full-Contraction,1.0,1230.0577674230658,62,0,1.0
6,Min Sum,Full-Contraction,1.0,1292.7860465162012,65,0,1.0
6,Min Sum,Full-Contraction,1.0,1230.0577674230658,62,0,1.0
6,Min Sum,Full-Contraction,1.0,1248.529563190711,63,0,1.0
6,Min Sum,Full-Contraction,1.0,1309.796778142315,66,0,1.0
6,Min Sum,Full-Contraction,1.0,1120.619548326851,66,0,1.0
6,Min Sum,Full-Contraction,1.0,1257.592600247818,63,0,1.0
6,Min Sum,Full-Contraction,1.0,1034.9449797506682,52,0,1.0
6,Min Sum,Full-Contraction,1.0,1118.3977024526657,57,0,1.0
6,Min Sum,Full-Contraction,1.0,1257.592600247818,63,0,1.0
6,Min Sum,Full-Contraction,1.0,1129.391148231528,57,0,1.0
6,Min Sum,Full-Contraction,1.0,1129.391148231528,57,0,1.0
6,Min Sum,Full-Contraction,1.0,1405.0409535882904,70,0,1.0
6,Min Sum,Full-Contraction,1.0,906.7647005823628,49,0,1.0
6,Min Sum,Full-Contraction,1.0,1211.9935055909707,71,0,1.0
6,Min Sum,Full-Contraction,1.0,981.9655175519129,57,0,1.0
6,Min Sum,Full-Contraction,1.0,998.9544705184962,55,0,1.0
6,Min Sum,Full-Contraction,1.0,788.3782043285445,51,0,1.0
6,Min Sum,Full-Contraction,1.0,1189.426354295666,67,0,1.0
6,Min Sum,Full-Contraction,1.0,1330.4494146770983,73,0,1.0
6,Min Sum,Full-Contraction,1.0,1189.426354295666,67,0,1.0
6,Min Sum,Full-Contraction,1.0,1349.9476755358246,74,0,1.0
6,Min Sum,Full-Contraction,1.0,1189.426354295666,67,0,1.0
6,Min Sum,Full-Contraction,1.0,954.8196361357311,52,0,1.0
6,Min Sum,Full-Contraction,1.0,1211.6331198925927,71,0,1.0
6,Min Sum,Full-Contraction,1.0,906.7647005823628,48,0,1.0
6,Min Sum,Full-Contraction,1.0,1211.6331198925927,71,0,1.0
6,Min Sum,Full-Contraction,1.0,1000.0896658530722,51,0,1.0
6,Min Sum,Full-Contraction,1.0,1471.569701582539,80,0,1.0
6,Min Sum,Full-Contraction,1.0,1159.7030203050845,66,0,1.0
6,Min Sum,Full-Contraction,1.0,1189.426354295666,67,0,1.0
6,Min Sum,Full-Contraction,1.0,981.9655175519129,57,0,1.0
6,Min Sum,Full-Contraction,1.0,906.7647005823628,46,0,1.0
6,Min Sum,Full-Contraction,1.0,1349.9476755358246,74,0,1.0
6,Min Sum,Full-Contraction,1.0,1330.4494146770983,73,0,1.0
6,Min Sum,Full-Contraction,1.0,962.1936010403062,53,0,1.0
6,Min Sum,Full-Contraction,1.0,907.9491648940486,53,0,1.0
6,Min Sum,Full-Contraction,1.0,1211.9935055909707,68,0,1.0
6,Min Sum,Full-Contraction,1.0,1248.5063797496189,67,0,1.0
6,Min Sum,Full-Contraction,1.0,998.9544705184962,55,0,1.0
6,Min Sum,Full-Contraction,1.0,1211.6331198925927,71,0,1.0
6,Min Sum,Full-Contraction,1.0,1189.426354295666,67,0,1.0
6,Min Sum,Full-Contraction,1.0,1106.7685144348065,63,0,1.0
6,Min Sum,Full-Contraction,1.0,998.9544705184962,55,0,1.0
6,Min Sum,Full-Contraction,1.0,1211.9935055909707,68,0,1.0
6,Min Sum,Full-Contraction,1.0,906.7647005823628,46,0,1.0
6,Min Sum,Full-Contraction,1.0,907.9491648940486,53,0,1.0
6,Min Sum,Full-Contraction,1.0,1211.9935055909707,68,0,1.0
6,Min Sum,Full-Contraction,1.0,1247.6383128104108,71,0,1.0
6,Min Sum,Full-Contraction,1.0,767.8483880264016,46,0,1.0
6,Min Sum,Full-Contraction,1.0,1248.5063797496189,68,0,1.0
6,Min Sum,Full-Contraction,1.0,981.9655175519129,57,0,1.0
6,Min Sum,Full-Contraction,1.0,891.8138982233781,55,0,1.0
6,Min Sum,Full-Contraction,1.0,1189.426354295666,67,0,1.0
6,Min Sum,Full-Contraction,1.0,1000.0896658530722,55,0,1.0
6,Min Sum,Full-Contraction,1.0,879.5027687941106,55,0,1.0
6,Min Sum,Full-Contraction,1.0,1255.5056519680936,70,0,1.0
6,Min Sum,Full-Contraction,1.0,1100.5986115894348,56,0,1.0
6,Min Sum,Full-Contraction,1.0,1000.0896658530722,51,0,1.0
6,Min Sum,Full-Contraction,1.0,981.9655175519129,57,0,1.0
6,Min Sum,Full-Contraction,1.0,981.9655175519129,57,0,1.0
6,Min Sum,Full-Contraction,1.0,1197.0128573934685,67,0,1.0
6,Min Sum,Full-Contraction,1.0,1181.7734931523992,66,0,1.0
6,Min Sum,Full-Contraction,1.0,1211.6331198925927,71,0,1.0
6,Min Sum,Full-Contraction,1.0,1106.7685144348065,61,0,1.0
6,Min Sum,Full-Contraction,1.0,906.7647005823628,46,0,1.0
6,Min Sum,Full-Contraction,1.0,981.9655175519129,57,0,1.0
6,Min Sum,Full-Contraction,1.0,860.2675374823049,46,0,1.0
6,Min Sum,Full-Contraction,1.0,891.8138982233781,46,0,1.0
6,Min Sum,Full-Contraction,1.0,1248.5063797496189,68,0,1.0
6,Min Sum,Full-Contraction,1.0,1247.6383128104108,67,0,1.0
6,Min Sum,Full-Contraction,1.0,998.9544705184962,55,0,1.0
6,Min Sum,Full-Contraction,1.0,1181.7734931523992,66,0,1.0
6,Min Sum,Full-Contraction,1.0,906.7647005823628,49,0,1.0
6,Min Sum,Full-Contraction,1.0,1106.7685144348065,60,0,1.0
6,Min Sum,Full-Contraction,1.0,1075.3135184361086,61,0,1.0
6,Min Sum,Full-Contraction,1.0,1248.5063797496189,68,0,1.0
6,Min Sum,Full-Contraction,1.0,954.8196361357311,52,0,1.0
6,Min Sum,Full-Contraction,1.0,1044.892871927207,53,0,1.0
6,Min Sum,Full-Contraction,1.0,1514.9029102909335,76,0,1.0
6,Min Sum,Full-Contraction,1.0,1207.7619219368491,61,0,1.0
6,Min Sum,Full-Contraction,1.0,1100.3365962614719,56,0,1.0
6,Min Sum,Full-Contraction,1.0,1044.892871927207,53,0,1.0
6,Min Sum,Full-Contraction,1.0,1378.1692213733945,69,0,1.0
6,Min Sum,Full-Contraction,1.0,1508.4944665313014,75,0,1.0
6,Min Sum,Full-Contraction,1.0,1378.1692213733945,69,0,1.0
6,Min Sum,Full-Contraction,1.0,1546.3722205641716,77,0,1.0
6,Min Sum,Full-Contraction,1.0,1265.7756877246632,69,0,1.0
6,Min Sum,Full-Contraction,1.0,942.8090415820635,51,0,1.0
6,Min Sum,Full-Contraction,1.0,1514.9029102909335,76,0,1.0
6,Min Sum,Full-Contraction,1.0,848.5281374238571,48,0,1.0
6,Min Sum,Full-Contraction,1.0,1514.9029102909335,76,0,1.0
6,Min Sum,Full-Contraction,1.0,1067.6893147909757,54,0,1.0
6,Min Sum,Full-Contraction,1.0,1658.3707751086886,82,0,1.0
6,Min Sum,Full-Contraction,1.0,1407.1157772989116,70,0,1.0
6,Min Sum,Full-Contraction,1.0,1378.1692213733945,69,0,1.0
6,Min Sum,Full-Contraction,1.0,1207.7619219368491,61,0,1.0
6,Min Sum,Full-Contraction,1.0,942.8090415820635,48,0,1.0
6,Min Sum,Full-Contraction,1.0,1546.3722205641716,77,0,1.0
6,Min Sum,Full-Contraction,1.0,1508.4944665313014,75,0,1.0
6,Min Sum,Full-Contraction,1.0,1100.3365962614719,56,0,1.0
6,Min Sum,Full-Contraction,1.0,1044.892871927207,56,0,1.0
6,Min Sum,Full-Contraction,1.0,1442.0858393617675,72,0,1.0
6,Min Sum,Full-Contraction,1.0,1407.1157772989116,70,0,1.0
6,Min Sum,Full-Contraction,1.0,1100.3365962614719,56,0,1.0
6,Min Sum,Full-Contraction,1.0,1514.9029102909335,76,0,1.0
6,Min Sum,Full-Contraction,1.0,1378.1692213733945,69,0,1.0
6,Min Sum,Full-Contraction,1.0,1340.631508151385,67,0,1.0
6,Min Sum,Full-Contraction,1.0,987.9430626127404,56,0,1.0
6,Min Sum,Full-Contraction,1.0,1442.0858393617675,72,0,1.0
6,Min Sum,Full-Contraction,1.0,942.8090415820635,48,0,1.0
6,Min Sum,Full-Contraction,1.0,1100.3365962614719,56,0,1.0
6,Min Sum,Full-Contraction,1.0,1442.0858393617675,72,0,1.0
6,Min Sum,Full-Contraction,1.0,1514.9029102909335,76,0,1.0
6,Min Sum,Full-Contraction,1.0,956.7451800763997,49,0,1.0
6,Min Sum,Full-Contraction,1.0,1442.0858393617675,72,0,1.0
6,Min Sum,Full-Contraction,1.0,1207.7619219368491,61,0,1.0
6,Min Sum,Full-Contraction,1.0,1180.0809083066752,60,0,1.0
6,Min Sum,Full-Contraction,1.0,1265.7756877246632,69,0,1.0
6,Min Sum,Full-Contraction,1.0,1180.0809083066752,60,0,1.0
6,Min Sum,Full-Contraction,1.0,1180.0809083066752,60,0,1.0
6,Min Sum,Full-Contraction,1.0,1462.4757706122653,73,0,1.0
6,Min Sum,Full-Contraction,1.0,1141.3962288657578,58,0,1.0
6,Min Sum,Full-Contraction,1.0,1067.6893147909757,54,0,1.0
6,Min Sum,Full-Contraction,1.0,1207.7619219368491,61,0,1.0
6,Min Sum,Full-Contraction,1.0,1207.7619219368491,61,0,1.0
6,Min Sum,Full-Contraction,1.0,1414.213562373095,71,0,1.0
6,Min Sum,Full-Contraction,1.0,1407.1157772989116,70,0,1.0
6,Min Sum,Full-Contraction,1.0,1514.9029102909335,76,0,1.0
6,Min Sum,Full-Contraction,1.0,1276.9409190306699,64,0,1.0
6,Min Sum,Full-Contraction,1.0,942.8090415820635,48,0,1.0
6,Min Sum,Full-Contraction,1.0,1207.7619219368491,61,0,1.0
6,Min Sum,Full-Contraction,1.0,942.8090415820635,48,0,1.0
6,Min Sum,Full-Contraction,1.0,956.7451800763997,49,0,1.0
6,Min Sum,Full-Contraction,1.0,1442.0858393617675,72,0,1.0
6,Min Sum,Full-Contraction,1.0,1407.1157772989116,70,0,1.0
6,Min Sum,Full-Contraction,1.0,1100.3365962614719,56,0,1.0
6,Min Sum,Full-Contraction,1.0,1407.1157772989116,70,0,1.0
6,Min Sum,Full-Contraction,1.0,1044.892871927207,53,0,1.0
6,Min Sum,Full-Contraction,1.0,1225.6517540566824,62,0,1.0
6,Min Sum,Full-Contraction,1.0,1276.9409190306699,64,0,1.0
6,Min Sum,Full-Contraction,1.0,1442.0858393617675,72,0,1.0
6,Min Sum,Full-Contraction,1.0,896.4948370288702,51,0,1.0
6,Min Sum,Full-Contraction,1.0,1034.9449797506684,55,0,1.0
6,Min Sum,Full-Contraction,1.0,1405.040953588291,70,0,1.0
6,Min Sum,Full-Contraction,1.0,1060.0998430786578,54,0,1.0
6,Min Sum,Full-Contraction,1.0,1084.1391565420008,55,0,1.0
6,Min Sum,Full-Contraction,1.0,1201.4153074981073,60,0,1.0
6,Min Sum,Full-Contraction,1.0,952.878999916509,63,0,1.0
6,Min Sum,Full-Contraction,1.0,1384.450117176991,70,0,1.0
6,Min Sum,Full-Contraction,1.0,1021.8973548893861,63,0,1.0
6,Min Sum,Full-Contraction,1.0,1116.3435233702457,70,0,1.0
6,Min Sum,Full-Contraction,1.0,1235.4819383294289,63,0,1.0
6,Min Sum,Full-Contraction,1.0,873.9848152430961,55,0,1.0
6,Min Sum,Full-Contraction,1.0,1405.040953588291,70,0,1.0
6,Min Sum,Full-Contraction,1.0,1059.2020975838263,55,0,1.0
6,Min Sum,Full-Contraction,1.0,1405.040953588291,70,0,1.0
6,Min Sum,Full-Contraction,1.0,1201.4153074981073,60,0,1.0
6,Min Sum,Full-Contraction,1.0,1518.2186200637552,76,0,1.0
6,Min Sum,Full-Contraction,1.0,1129.3911482315282,63,0,1.0
6,Min Sum,Full-Contraction,1.0,1105.3500775913835,63,0,1.0
6,Min Sum,Full-Contraction,1.0,1060.0998430786578,54,0,1.0
6,Min Sum,Full-Contraction,1.0,873.9848152430961,55,0,1.0
6,Min Sum,Full-Contraction,1.0,1116.3435233702457,70,0,1.0
6,Min Sum,Full-Contraction,1.0,1384.450117176991,70,0,1.0
6,Min Sum,Full-Contraction,1.0,1034.9449797506684,52,0,1.0
6,Min Sum,Full-Contraction,1.0,832.720125073922,52,0,1.0
6,Min Sum,Full-Contraction,1.0,1309.7967781423151,66,0,1.0
6,Min Sum,Full-Contraction,1.0,1248.529563190711,63,0,1.0
6,Min Sum,Full-Contraction,1.0,1021.8973548893861,52,0,1.0
6,Min Sum,Full-Contraction,1.0,1405.040953588291,70,0,1.0
6,Min Sum,Full-Contraction,1.0,952.878999916509,63,0,1.0
6,Min Sum,Full-Contraction,1.0,1248.529563190711,63,0,1.0
6,Min Sum,Full-Contraction,1.0,1021.8973548893861,55,0,1.0
6,Min Sum,Full-Contraction,1.0,1309.7967781423151,66,0,1.0
6,Min Sum,Full-Contraction,1.0,873.9848152430961,55,0,1.0
6,Min Sum,Full-Contraction,1.0,1034.9449797506684,52,0,1.0
6,Min Sum,Full-Contraction,1.0,1309.7967781423151,66,0,1.0
6,Min Sum,Full-Contraction,1.0,1405.040953588291,70,0,1.0
6,Min Sum,Full-Contraction,1.0,1021.8973548893861,52,0,1.0
6,Min Sum,Full-Contraction,1.0,1309.7967781423151,66,0,1.0
6,Min Sum,Full-Contraction,1.0,991.2609661992026,60,0,1.0
6,Min Sum,Full-Contraction,1.0,1118.3977024526657,56,0,1.0
6,Min Sum,Full-Contraction,1.0,1129.3911482315282,63,0,1.0
6,Min Sum,Full-Contraction,1.0,991.2609661992026,60,0,1.0
6,Min Sum,Full-Contraction,1.0,1201.4153074981073,60,0,1.0
6,Min Sum,Full-Contraction,1.0,1038.3752218918066,66,0,1.0
6,Min Sum,Full-Contraction,1.0,1266.5459916834752,63,0,1.0
6,Min Sum,Full-Contraction,1.0,1201.4153074981073,60,0,1.0
6,Min Sum,Full-Contraction,1.0,1060.0998430786578,54,0,1.0
6,Min Sum,Full-Contraction,1.0,1060.0998430786578,54,0,1.0
6,Min Sum,Full-Contraction,1.0,1047.4382589489135,63,0,1.0
6,Min Sum,Full-Contraction,1.0,919.2368069326235,63,0,1.0
6,Min Sum,Full-Contraction,1.0,1405.040953588291,70,0,1.0
6,Min Sum,Full-Contraction,1.0,1105.3500775913835,57,0,1.0
6,Min Sum,Full-Contraction,1.0,1084.1391565420008,55,0,1.0
6,Min Sum,Full-Contraction,1.0,1060.0998430786578,54,0,1.0
6,Min Sum,Full-Contraction,1.0,1084.1391565420008,55,0,1.0
6,Min Sum,Full-Contraction,1.0,1021.8973548893861,52,0,1.0
6,Min Sum,Full-Contraction,1.0,1309.7967781423151,66,0,1.0
6,Min Sum,Full-Contraction,1.0,1235.4819383294289,63,0,1.0
6,Min Sum,Full-Contraction,1.0,1021.8973548893861,52,0,1.0
6,Min Sum,Full-Contraction,1.0,1060.0998430786578,63,0,1.0
6,Min Sum,Full-Contraction,1.0,1034.9449797506684,55,0,1.0
6,Min Sum,Full-Contraction,1.0,1105.3500775913835,56,0,1.0
6,Min Sum,Full-Contraction,1.0,873.9848152430961,57,0,1.0
6,Min Sum,Full-Contraction,1.0,1309.7967781423151,66,0,1.0
6,Min Sum,Full-Contraction,1.0,1071.0915316807186,55,0,1.0
6,Min Sum,Full-Contraction,1.0,1154.128566384993,59,0,1.0
6,Min Sum,Full-Contraction,1.0,1500.6062839625404,79,0,1.0
6,Min Sum,Full-Contraction,1.0,1142.237754957645,61,0,1.0
6,Min Sum,Full-Contraction,1.0,1075.2639870836235,55,0,1.0
6,Min Sum,Full-Contraction,1.0,958.3673480954803,59,0,1.0
6,Min Sum,Full-Contraction,1.0,1192.569587999888,64,0,1.0
6,Min Sum,Full-Contraction,1.0,1299.4405812138211,69,0,1.0
6,Min Sum,Full-Contraction,1.0,1192.569587999888,64,0,1.0
6,Min Sum,Full-Contraction,1.0,1375.4519266827199,73,0,1.0
6,Min Sum,Full-Contraction,1.0,1210.0482554405771,65,0,1.0
6,Min Sum,Full-Contraction,1.0,1075.2639870836235,55,0,1.0
6,Min Sum,Full-Contraction,1.0,1500.6062839625404,79,0,1.0
6,Min Sum,Full-Contraction,1.0,891.8138982233784,55,0,1.0
6,Min Sum,Full-Contraction,1.0,1500.6062839625404,79,0,1.0
6,Min Sum,Full-Contraction,1.0,1125.6158188684735,57,0,1.0
6,Min Sum,Full-Contraction,1.0,1464.567286527245,77,0,1.0
6,Min Sum,Full-Contraction,1.0,1334.7359755607524,71,0,1.0
6,Min Sum,Full-Contraction,1.0,1192.569587999888,64,0,1.0
6,Min Sum,Full-Contraction,1.0,1142.237754957645,61,0,1.0
6,Min Sum,Full-Contraction,1.0,1075.2639870836235,55,0,1.0
6,Min Sum,Full-Contraction,1.0,1375.4519266827199,73,0,1.0
6,Min Sum,Full-Contraction,1.0,1299.4405812138211,69,0,1.0
6,Min Sum,Full-Contraction,1.0,1154.128566384993,59,0,1.0
6,Min Sum,Full-Contraction,1.0,1154.128566384993,59,0,1.0
6,Min Sum,Full-Contraction,1.0,1401.7012656121738,74,0,1.0
6,Min Sum,Full-Contraction,1.0,1407.394338182106,71,0,1.0
6,Min Sum,Full-Contraction,1.0,1085.64780923045,56,0,1.0
6,Min Sum,Full-Contraction,1.0,1500.6062839625404,79,0,1.0
6,Min Sum,Full-Contraction,1.0,1192.569587999888,64,0,1.0
6,Min Sum,Full-Contraction,1.0,1407.394338182106,71,0,1.0
6,Min Sum,Full-Contraction,1.0,1075.2639870836235,55,0,1.0
6,Min Sum,Full-Contraction,1.0,1401.7012656121738,74,0,1.0
6,Min Sum,Full-Contraction,1.0,1075.2639870836235,55,0,1.0
6,Min Sum,Full-Contraction,1.0,1154.128566384993,59,0,1.0
6,Min Sum,Full-Contraction,1.0,1401.7012656121738,74,0,1.0
6,Min Sum,Full-Contraction,1.0,1500.6062839625404,79,0,1.0
6,Min Sum,Full-Contraction,1.0,1085.64780923045,56,0,1.0
6,Min Sum,Full-Contraction,1.0,1407.394338182106,74,0,1.0
6,Min Sum,Full-Contraction,1.0,1142.237754957645,61,0,1.0
6,Min Sum,Full-Contraction,1.0,1266.414371157145,64,0,1.0
6,Min Sum,Full-Contraction,1.0,1266.414371157145,65,0,1.0
6,Min Sum,Full-Contraction,1.0,1125.6158188684735,64,0,1.0
6,Min Sum,Full-Contraction,1.0,1266.414371157145,64,0,1.0
6,Min Sum,Full-Contraction,1.0,1320.7755064718244,70,0,1.0
6,Min Sum,Full-Contraction,1.0,1274.427294864494,65,0,1.0
6,Min Sum,Full-Contraction,1.0,1125.6158188684735,57,0,1.0
6,Min Sum,Full-Contraction,1.0,1142.237754957645,61,0,1.0
6,Min Sum,Full-Contraction,1.0,1142.237754957645,61,0,1.0
6,Min Sum,Full-Contraction,1.0,1306.606377991425,69,0,1.0
6,Min Sum,Full-Contraction,1.0,1334.7359755607524,71,0,1.0
6,Min Sum,Full-Contraction,1.0,1500.6062839625404,79,0,1.0
6,Min Sum,Full-Contraction,1.0,1124.7122744285302,61,0,1.0
6,Min Sum,Full-Contraction,1.0,1075.2639870836235,55,0,1.0
6,Min Sum,Full-Contraction,1.0,1142.237754957645,61,0,1.0
6,Min Sum,Full-Contraction,1.0,1075.2639870836235,55,0,1.0
6,Min Sum,Full-Contraction,1.0,1085.64780923045,56,0,1.0
6,Min Sum,Full-Contraction,1.0,1407.394338182106,74,0,1.0
6,Min Sum,Full-Contraction,1.0,1334.7359755607524,71,0,1.0
6,Min Sum,Full-Contraction,1.0,1085.64780923045,56,0,1.0
6,Min Sum,Full-Contraction,1.0,1334.7359755607524,71,0,1.0
6,Min Sum,Full-Contraction,1.0,1154.128566384993,59,0,1.0
6,Min Sum,Full-Contraction,1.0,1019.8942575482182,56,0,1.0
6,Min Sum,Full-Contraction,1.0,1124.7122744285302,61,0,1.0
6,Min Sum,Full-Contraction,1.0,1407.394338182106,74,0,1.0
6,Min Sum,Full-Contraction,1.0,1075.2639870836235,55,0,1.0
6,Min Sum,Full-Contraction,1.0,1213.4126199508687,71,0,1.0
6,Min Sum,Full-Contraction,1.0,1282.765213278372,71,0,1.0
6,Min Sum,Full-Contraction,1.0,1362.4409760969284,68,0,1.0
6,Min Sum,Full-Contraction,1.0,1381.2155462067371,71,0,1.0
6,Min Sum,Full-Contraction,1.0,1381.2155462067371,78,0,1.0
6,Min Sum,Full-Contraction,1.0,1188.6940514040368,72,0,1.0
6,Min Sum,Full-Contraction,1.0,1106.369910180185,72,0,1.0
6,Min Sum,Full-Contraction,1.0,1004.8354460755403,65,0,1.0
6,Min Sum,Full-Contraction,1.0,1188.6940514040368,66,0,1.0
6,Min Sum,Full-Contraction,1.0,1054.0925533894597,62,0,1.0
6,Min Sum,Full-Contraction,1.0,1323.295549418614,71,0,1.0
6,Min Sum,Full-Contraction,1.0,1282.765213278372,71,0,1.0
6,Min Sum,Full-Contraction,1.0,1399.512562081929,71,0,1.0
6,Min Sum,Full-Contraction,1.0,1282.765213278372,71,0,1.0
6,Min Sum,Full-Contraction,1.0,1381.2155462067371,78,0,1.0
6,Min Sum,Full-Contraction,1.0,1333.9608391554102,73,0,1.0
6,Min Sum,Full-Contraction,1.0,1054.0925533894597,60,0,1.0
6,Min Sum,Full-Contraction,1.0,1188.6940514040368,72,0,1.0
6,Min Sum,Full-Contraction,1.0,1381.2155462067371,69,0,1.0
6,Min Sum,Full-Contraction,1.0,947.5113602367929,71,0,1.0
6,Min Sum,Full-Contraction,1.0,1188.6940514040368,66,0,1.0
6,Min Sum,Full-Contraction,1.0,1106.369910180185,68,0,1.0
6,Min Sum,Full-Contraction,1.0,1049.1782301727987,62,0,1.0
6,Min Sum,Full-Contraction,1.0,1049.1782301727987,62,0,1.0
6,Min Sum,Full-Contraction,1.0,1106.369910180185,64,0,1.0
6,Min Sum,Full-Contraction,1.0,1114.9351488407747,65,0,1.0
6,Min Sum,Full-Contraction,1.0,1162.757653988404,65,0,1.0
6,Min Sum,Full-Contraction,1.0,1282.765213278372,71,0,1.0
6,Min Sum,Full-Contraction,1.0,1106.369910180185,64,0,1.0
6,Min Sum,Full-Contraction,1.0,1168.225745417108,65,0,1.0
6,Min Sum,Full-Contraction,1.0,1106.369910180185,71,0,1.0
6,Min Sum,Full-Contraction,1.0,1188.6940514040368,64,0,1.0
6,Min Sum,Full-Contraction,1.0,1041.706249742353,71,0,1.0
6,Min Sum,Full-Contraction,1.0,1049.1782301727987,62,0,1.0
6,Min Sum,Full-Contraction,1.0,1323.295549418614,66,0,1.0
6,Min Sum,Full-Contraction,1.0,950.0839997451521,71,0,1.0
6,Min Sum,Full-Contraction,1.0,1162.757653988404,65,0,1.0
6,Min Sum,Full-Contraction,1.0,1147.0821179526724,65,0,1.0
6,Min Sum,Full-Contraction,1.0,1484.9203770578715,74,0,1.0
6,Min Sum,Full-Contraction,1.0,1102.468826749132,65,0,1.0
6,Min Sum,Full-Contraction,1.0,1049.1782301727987,62,0,1.0
6,Min Sum,Full-Contraction,1.0,1381.2155462067371,78,0,1.0
6,Min Sum,Full-Contraction,1.0,1381.2155462067371,78,0,1.0
6,Min Sum,Full-Contraction,1.0,1078.8111219362913,64,0,1.0
6,Min Sum,Full-Contraction,1.0,1109.6670776779088,78,0,1.0
6,Min Sum,Full-Contraction,1.0,1381.2155462067371,78,0,1.0
6,Min Sum,Full-Contraction,1.0,1381.2155462067371,69,0,1.0
6,Min Sum,Full-Contraction,1.0,1381.2155462067371,69,0,1.0
6,Min Sum,Full-Contraction,1.0,1281.6836159672494,65,0,1.0
6,Min Sum,Full-Contraction,1.0,947.5113602367929,64,0,1.0
6,Min Sum,Full-Contraction,1.0,1282.765213278372,71,0,1.0
6,Min Sum,Full-Contraction,1.0,1188.6940514040368,72,0,1.0
6,Min Sum,Full-Contraction,1.0,1093.791521376339,71,0,1.0
6,Min Sum,Full-Contraction,1.0,1362.4409760969284,68,0,1.0
6,Min Sum,Full-Contraction,1.0,1381.2155462067371,72,0,1.0
6,Min Sum,Full-Contraction,1.0,1213.4126199508687,65,0,1.0
6,Min Sum,Full-Contraction,1.0,1147.0821179526724,65,0,1.0
6,Min Sum,Full-Contraction,1.0,1054.0925533894597,60,0,1.0
6,Min Sum,Full-Contraction,1.0,1381.2155462067371,69,0,1.0
6,Min Sum,Full-Contraction,1.0,1188.6940514040368,60,0,1.0
6,Min Sum,Full-Contraction,1.0,1162.757653988404,71,0,1.0
6,Min Sum,Full-Contraction,1.0,1106.369910180185,64,0,1.0
6,Min Sum,Full-Contraction,1.0,947.5113602367929,71,0,1.0
6,Min Sum,Full-Contraction,1.0,1147.0821179526724,65,0,1.0
6,Min Sum,Full-Contraction,1.0,1323.295549418614,71,0,1.0
6,Min Sum,Full-Contraction,1.0,1054.0925533894597,55,0,1.0
6,Min Sum,Full-Contraction,1.0,1442.3482912111285,72,0,1.0
6,Min Sum,Full-Contraction,1.0,1102.468826749132,56,0,1.0
6,Min Sum,Full-Contraction,1.0,1078.8111219362913,55,0,1.0
6,Min Sum,Full-Contraction,1.0,1188.6940514040368,60,0,1.0
6,Min Sum,Full-Contraction,1.0,1256.8288158627392,65,0,1.0
6,Min Sum,Full-Contraction,1.0,1401.7269516861834,72,0,1.0
6,Min Sum,Full-Contraction,1.0,1256.8288158627392,65,0,1.0
6,Min Sum,Full-Contraction,1.0,1416.4118937954956,72,0,1.0
6,Min Sum,Full-Contraction,1.0,1256.8288158627392,65,0,1.0
6,Min Sum,Full-Contraction,1.0,1052.8747245206587,55,0,1.0
6,Min Sum,Full-Contraction,1.0,1442.3482912111285,72,0,1.0
6,Min Sum,Full-Contraction,1.0,1028.156155973827,55,0,1.0
6,Min Sum,Full-Contraction,1.0,1442.3482912111285,72,0,1.0
6,Min Sum,Full-Contraction,1.0,1188.6940514040368,60,0,1.0
6,Min Sum,Full-Contraction,1.0,1539.2706461055927,78,0,1.0
6,Min Sum,Full-Contraction,1.0,1168.225745417108,66,0,1.0
6,Min Sum,Full-Contraction,1.0,1256.8288158627392,65,0,1.0
6,Min Sum,Full-Contraction,1.0,1102.468826749132,56,0,1.0
6,Min Sum,Full-Contraction,1.0,853.6110165128089,55,0,1.0
6,Min Sum,Full-Contraction,1.0,1416.4118937954956,72,0,1.0
6,Min Sum,Full-Contraction,1.0,1401.7269516861834,72,0,1.0
6,Min Sum,Full-Contraction,1.0,974.8655593974934,54,0,1.0
6,Min Sum,Full-Contraction,1.0,974.8655593974934,54,0,1.0
6,Min Sum,Full-Contraction,1.0,1142.289348001475,68,0,1.0
6,Min Sum,Full-Contraction,1.0,1282.765213278372,66,0,1.0
6,Min Sum,Full-Contraction,1.0,1028.1561559738268,54,0,1.0
6,Min Sum,Full-Contraction,1.0,1442.3482912111285,72,0,1.0
6,Min Sum,Full-Contraction,1.0,1256.8288158627392,65,0,1.0
6,Min Sum,Full-Contraction,1.0,1282.765213278372,65,0,1.0
6,Min Sum,Full-Contraction,1.0,1028.1561559738268,55,0,1.0
6,Min Sum,Full-Contraction,1.0,1017.6376655100745,68,0,1.0
6,Min Sum,Full-Contraction,1.0,853.6110165128089,55,0,1.0
6,Min Sum,Full-Contraction,1.0,1054.0925533894597,54,0,1.0
6,Min Sum,Full-Contraction,1.0,1350.3188790432944,68,0,1.0
6,Min Sum,Full-Contraction,1.0,1442.3482912111285,72,0,1.0
6,Min Sum,Full-Contraction,1.0,1028.1561559738268,53,0,1.0
6,Min Sum,Full-Contraction,1.0,1350.3188790432944,68,0,1.0
6,Min Sum,Full-Contraction,1.0,1041.706249742353,60,0,1.0
6,Min Sum,Full-Contraction,1.0,1147.0821179526724,58,0,1.0
6,Min Sum,Full-Contraction,1.0,1256.8288158627392,65,0,1.0
6,Min Sum,Full-Contraction,1.0,945.8320147499749,60,0,1.0
6,Min Sum,Full-Contraction,1.0,1188.6940514040368,60,0,1.0
6,Min Sum,Full-Contraction,1.0,1256.8288158627392,68,0,1.0
6,Min Sum,Full-Contraction,1.0,1264.9110640673516,64,0,1.0
6,Min Sum,Full-Contraction,1.0,1188.6940514040368,60,0,1.0
6,Min Sum,Full-Contraction,1.0,907.1047517277759,56,0,1.0
6,Min Sum,Full-Contraction,1.0,907.1047517277759,56,0,1.0
6,Min Sum,Full-Contraction,1.0,1054.0925533894597,66,0,1.0
6,Min Sum,Full-Contraction,1.0,1168.225745417108,66,0,1.0
6,Min Sum,Full-Contraction,1.0,1442.3482912111285,72,0,1.0
6,Min Sum,Full-Contraction,1.0,1121.1457205370393,59,0,1.0
6,Min Sum,Full-Contraction,1.0,907.1047517277759,55,0,1.0
6,Min Sum,Full-Contraction,1.0,945.8320147499749,56,0,1.0
6,Min Sum,Full-Contraction,1.0,1078.8111219362913,55,0,1.0
6,Min Sum,Full-Contraction,1.0,1028.1561559738268,53,0,1.0
6,Min Sum,Full-Contraction,1.0,1350.3188790432944,68,0,1.0
6,Min Sum,Full-Contraction,1.0,1256.8288158627392,66,0,1.0
6,Min Sum,Full-Contraction,1.0,1028.1561559738268,54,0,1.0
6,Min Sum,Full-Contraction,1.0,1102.468826749132,66,0,1.0
6,Min Sum,Full-Contraction,1.0,1054.0925533894597,55,0,1.0
6,Min Sum,Full-Contraction,1.0,1121.1457205370393,58,0,1.0
6,Min Sum,Full-Contraction,1.0,1078.8111219362913,59,0,1.0
6,Min Sum,Full-Contraction,1.0,1350.3188790432944,68,0,1.0
6,Min Sum,Full-Contraction,1.0,931.8233202746076,55,0,1.0
6,Min Sum,Full-Contraction,1.0,1019.803902718557,55,0,1.0
6,Min Sum,Full-Contraction,1.0,1370.134478063541,69,0,1.0
6,Min Sum,Full-Contraction,1.0,1019.803902718557,52,0,1.0
6,Min Sum,Full-Contraction,1.0,1092.9971408438084,55,0,1.0
6,Min Sum,Full-Contraction,1.0,1217.008732545826,61,0,1.0
6,Min Sum,Full-Contraction,1.0,1023.3345472033855,61,0,1.0
6,Min Sum,Full-Contraction,1.0,1176.4602927211006,69,0,1.0
6,Min Sum,Full-Contraction,1.0,1023.3345472033855,61,0,1.0
6,Min Sum,Full-Contraction,1.0,1176.4602927211006,69,0,1.0
6,Min Sum,Full-Contraction,1.0,1019.803902718557,61,0,1.0
6,Min Sum,Full-Contraction,1.0,1092.9971408438084,55,0,1.0
6,Min Sum,Full-Contraction,1.0,1370.134478063541,69,0,1.0
6,Min Sum,Full-Contraction,1.0,1092.9971408438084,55,0,1.0
6,Min Sum,Full-Contraction,1.0,1370.134478063541,69,0,1.0
6,Min Sum,Full-Contraction,1.0,1217.008732545826,61,0,1.0
6,Min Sum,Full-Contraction,1.0,1306.1772596780045,75,0,1.0
6,Min Sum,Full-Contraction,1.0,1092.9971408438084,61,0,1.0
6,Min Sum,Full-Contraction,1.0,1092.9971408438084,61,0,1.0
6,Min Sum,Full-Contraction,1.0,1019.803902718557,52,0,1.0
6,Min Sum,Full-Contraction,1.0,899.3229555013679,55,0,1.0
6,Min Sum,Full-Contraction,1.0,1176.4602927211006,69,0,1.0
6,Min Sum,Full-Contraction,1.0,1176.4602927211006,69,0,1.0
6,Min Sum,Full-Contraction,1.0,826.1297173761164,52,0,1.0
6,Min Sum,Full-Contraction,1.0,826.1297173761164,52,0,1.0
6,Min Sum,Full-Contraction,1.0,1271.4792619456694,64,0,1.0
6,Min Sum,Full-Contraction,1.0,1217.008732545826,61,0,1.0
6,Min Sum,Full-Contraction,1.0,1019.803902718557,52,0,1.0
6,Min Sum,Full-Contraction,1.0,1370.134478063541,69,0,1.0
6,Min Sum,Full-Contraction,1.0,1023.3345472033855,61,0,1.0
6,Min Sum,Full-Contraction,1.0,1217.008732545826,61,0,1.0
6,Min Sum,Full-Contraction,1.0,1019.803902718557,55,0,1.0
6,Min Sum,Full-Contraction,1.0,1271.4792619456694,64,0,1.0
6,Min Sum,Full-Contraction,1.0,899.3229555013679,55,0,1.0
6,Min Sum,Full-Contraction,1.0,826.1297173761164,52,0,1.0
6,Min Sum,Full-Contraction,1.0,1271.4792619456694,64,0,1.0
6,Min Sum,Full-Contraction,1.0,1370.134478063541,69,0,1.0
6,Min Sum,Full-Contraction,1.0,1019.803902718557,52,0,1.0
6,Min Sum,Full-Contraction,1.0,1271.4792619456694,64,0,1.0
6,Min Sum,Full-Contraction,1.0,1217.008732545826,61,0,1.0
6,Min Sum,Full-Contraction,1.0,1092.9971408438084,55,0,1.0
6,Min Sum,Full-Contraction,1.0,1092.9971408438084,61,0,1.0
6,Min Sum,Full-Contraction,1.0,1092.9971408438084,61,0,1.0
6,Min Sum,Full-Contraction,1.0,1217.008732545826,61,0,1.0
6,Min Sum,Full-Contraction,1.0,1217.008732545826,64,0,1.0
6,Min Sum,Full-Contraction,1.0,1077.8050766032288,64,0,1.0
6,Min Sum,Full-Contraction,1.0,1217.008732545826,61,0,1.0
6,Min Sum,Full-Contraction,1.0,1019.803902718557,52,0,1.0
6,Min Sum,Full-Contraction,1.0,1019.803902718557,52,0,1.0
6,Min Sum,Full-Contraction,1.0,1019.803902718557,61,0,1.0
6,Min Sum,Full-Contraction,1.0,1092.9971408438084,61,0,1.0
6,Min Sum,Full-Contraction,1.0,1370.134478063541,69,0,1.0
6,Min Sum,Full-Contraction,1.0,1092.9971408438084,55,0,1.0
6,Min Sum,Full-Contraction,1.0,1092.9971408438084,55,0,1.0
6,Min Sum,Full-Contraction,1.0,1019.803902718557,52,0,1.0
6,Min Sum,Full-Contraction,1.0,1092.9971408438084,55,0,1.0
6,Min Sum,Full-Contraction,1.0,1019.803902718557,52,0,1.0
6,Min Sum,Full-Contraction,1.0,1271.4792619456694,64,0,1.0
6,Min Sum,Full-Contraction,1.0,1217.008732545826,61,0,1.0
6,Min Sum,Full-Contraction,1.0,1019.803902718557,52,0,1.0
6,Min Sum,Full-Contraction,1.0,848.5281374238571,61,0,1.0
6,Min Sum,Full-Contraction,1.0,1019.803902718557,55,0,1.0
6,Min Sum,Full-Contraction,1.0,1092.9971408438084,55,0,1.0
6,Min Sum,Full-Contraction,1.0,826.1297173761164,55,0,1.0
6,Min Sum,Full-Contraction,1.0,1271.4792619456694,64,0,1.0
6,Min Sum,Full-Contraction,1.0,1092.9971408438084,55,0,1.0
6,Min Sum,Full-Contraction,1.0,1171.800686499504,73,0,1.0
6,Min Sum,Full-Contraction,1.0,1103.5296904831232,56,0,1.0
6,Min Sum,Full-Contraction,1.0,1192.9443139639397,76,0,1.0
6,Min Sum,Full-Contraction,1.0,1467.0668597579604,76,0,1.0
6,Min Sum,Full-Contraction,1.0,1315.0129871737836,82,0,1.0
6,Min Sum,Full-Contraction,1.0,1206.513493207442,78,0,1.0
6,Min Sum,Full-Contraction,1.0,1313.994601317179,78,0,1.0
6,Min Sum,Full-Contraction,1.0,1307.483781825204,69,0,1.0
6,Min Sum,Full-Contraction,1.0,1052.8747245206584,69,0,1.0
6,Min Sum,Full-Contraction,1.0,1002.2197585581938,55,0,1.0
6,Min Sum,Full-Contraction,1.0,1258.4896858826323,73,0,1.0
6,Min Sum,Full-Contraction,1.0,1103.5296904831232,56,0,1.0
6,Min Sum,Full-Contraction,1.0,1355.3361014121651,78,0,1.0
6,Min Sum,Full-Contraction,1.0,1103.5296904831232,56,0,1.0
6,Min Sum,Full-Contraction,1.0,1315.0129871737836,82,0,1.0
6,Min Sum,Full-Contraction,1.0,1081.0524587388552,69,0,1.0
6,Min Sum,Full-Contraction,1.0,1121.1457205370393,60,0,1.0
6,Min Sum,Full-Contraction,1.0,1355.3361014121651,78,0,1.0
6,Min Sum,Full-Contraction,1.0,1307.483781825204,76,0,1.0
6,Min Sum,Full-Contraction,1.0,1142.2893480014752,73,0,1.0
6,Min Sum,Full-Contraction,1.0,967.5259634777236,67,0,1.0
6,Min Sum,Full-Contraction,1.0,1127.187395295964,69,0,1.0
6,Min Sum,Full-Contraction,1.0,1171.800686499504,60,0,1.0
6,Min Sum,Full-Contraction,1.0,1171.800686499504,67,0,1.0
6,Min Sum,Full-Contraction,1.0,1028.1561559738268,55,0,1.0
6,Min Sum,Full-Contraction,1.0,1052.8747245206584,54,0,1.0
6,Min Sum,Full-Contraction,1.0,1307.483781825204,69,0,1.0
6,Min Sum,Full-Contraction,1.0,1028.1561559738268,56,0,1.0
6,Min Sum,Full-Contraction,1.0,1166.460273714798,69,0,1.0
6,Min Sum,Full-Contraction,1.0,1052.8747245206584,55,0,1.0
6,Min Sum,Full-Contraction,1.0,1217.148185787646,73,0,1.0
6,Min Sum,Full-Contraction,1.0,967.5259634777236,67,0,1.0
6,Min Sum,Full-Contraction,1.0,1142.2893480014752,73,0,1.0
6,Min Sum,Full-Contraction,1.0,1171.800686499504,60,0,1.0
6,Min Sum,Full-Contraction,1.0,1258.4896858826323,73,0,1.0
6,Min Sum,Full-Contraction,1.0,1002.2197585581938,56,0,1.0
6,Min Sum,Full-Contraction,1.0,1307.483781825204,69,0,1.0
6,Min Sum,Full-Contraction,1.0,1002.2197585581938,54,0,1.0
6,Min Sum,Full-Contraction,1.0,1431.5095191872006,82,0,1.0
6,Min Sum,Full-Contraction,1.0,1078.8111219362916,66,0,1.0
6,Min Sum,Full-Contraction,1.0,1002.2197585581938,55,0,1.0
6,Min Sum,Full-Contraction,1.0,1315.0129871737836,82,0,1.0
6,Min Sum,Full-Contraction,1.0,1315.0129871737836,82,0,1.0
6,Min Sum,Full-Contraction,1.0,1125.118773619812,69,0,1.0
6,Min Sum,Full-Contraction,1.0,1232.525829988006,79,0,1.0
6,Min Sum,Full-Contraction,1.0,1315.0129871737836,82,0,1.0
6,Min Sum,Full-Contraction,1.0,1166.1903789690602,76,0,1.0
6,Min Sum,Full-Contraction,1.0,1166.1903789690602,76,0,1.0
6,Min Sum,Full-Contraction,1.0,1171.800686499504,69,0,1.0
6,Min Sum,Full-Contraction,1.0,1017.6376655100747,69,0,1.0
6,Min Sum,Full-Contraction,1.0,1103.5296904831232,59,0,1.0
6,Min Sum,Full-Contraction,1.0,1206.513493207442,78,0,1.0
6,Min Sum,Full-Contraction,1.0,1467.0668597579604,76,0,1.0
6,Min Sum,Full-Contraction,1.0,1192.9443139639397,76,0,1.0
6,Min Sum,Full-Contraction,1.0,1315.0129871737836,78,0,1.0
6,Min Sum,Full-Contraction,1.0,1307.483781825204,69,0,1.0
6,Min Sum,Full-Contraction,1.0,1052.8747245206584,54,0,1.0
6,Min Sum,Full-Contraction,1.0,1002.2197585581938,54,0,1.0
6,Min Sum,Full-Contraction,1.0,1307.483781825204,76,0,1.0
6,Min Sum,Full-Contraction,1.0,967.5259634777236,67,0,1.0
6,Min Sum,Full-Contraction,1.0,1171.800686499504,73,0,1.0
6,Min Sum,Full-Contraction,1.0,1142.2893480014752,69,0,1.0
6,Min Sum,Full-Contraction,1.0,1116.348571682447,73,0,1.0
6,Min Sum,Full-Contraction,1.0,984.3671400886117,60,0,1.0
6,Min Sum,Full-Contraction,1.0,1416.4118937954956,73,0,1.0
6,Min Sum,Full-Contraction,1.0,956.7451800763997,54,0,1.0
6,Min Sum,Full-Contraction,1.0,1144.8969234467904,66,0,1.0
6,Min Sum,Full-Contraction,1.0,898.2794699532216,53,0,1.0
6,Min Sum,Full-Contraction,1.0,1058.8290104215432,54,0,1.0
6,Min Sum,Full-Contraction,1.0,1194.0170468010112,61,0,1.0
6,Min Sum,Full-Contraction,1.0,1135.5513366778332,61,0,1.0
6,Min Sum,Full-Contraction,1.0,1296.101936522543,68,0,1.0
6,Min Sum,Full-Contraction,1.0,1135.5513366778332,61,0,1.0
6,Min Sum,Full-Contraction,1.0,1280.6248474865697,67,0,1.0
6,Min Sum,Full-Contraction,1.0,1135.5513366778332,61,0,1.0
6,Min Sum,Full-Contraction,1.0,968.8667097099591,57,0,1.0
6,Min Sum,Full-Contraction,1.0,1088.6440827567576,66,0,1.0
6,Min Sum,Full-Contraction,1.0,1058.8290104215432,57,0,1.0
6,Min Sum,Full-Contraction,1.0,1088.6440827567576,66,0,1.0
6,Min Sum,Full-Contraction,1.0,1022.824509171938,61,0,1.0
6,Min Sum,Full-Contraction,1.0,1417.9461989834235,74,0,1.0
6,Min Sum,Full-Contraction,1.0,1096.8666572369157,59,0,1.0
6,Min Sum,Full-Contraction,1.0,1135.5513366778332,61,0,1.0
6,Min Sum,Full-Contraction,1.0,970.6813185707359,52,0,1.0
6,Min Sum,Full-Contraction,1.0,1058.8290104215432,54,0,1.0
6,Min Sum,Full-Contraction,1.0,1280.6248474865697,67,0,1.0
6,Min Sum,Full-Contraction,1.0,1296.101936522543,68,0,1.0
6,Min Sum,Full-Contraction,1.0,783.48305628534,49,0,1.0
6,Min Sum,Full-Contraction,1.0,956.7451800763997,49,0,1.0
6,Min Sum,Full-Contraction,1.0,1023.1597431621337,61,0,1.0
6,Min Sum,Full-Contraction,1.0,1145.3069883928124,61,0,1.0
6,Min Sum,Full-Contraction,1.0,964.3587990487598,52,0,1.0
6,Min Sum,Full-Contraction,1.0,1088.6440827567576,66,0,1.0
6,Min Sum,Full-Contraction,1.0,1135.5513366778332,61,0,1.0
6,Min Sum,Full-Contraction,1.0,936.2194282394628,58,0,1.0
6,Min Sum,Full-Contraction,1.0,1058.8290104215432,54,0,1.0
6,Min Sum,Full-Contraction,1.0,992.8956826591112,61,0,1.0
6,Min Sum,Full-Contraction,1.0,1058.8290104215432,54,0,1.0
6,Min Sum,Full-Contraction,1.0,853.7498983243797,49,0,1.0
6,Min Sum,Full-Contraction,1.0,992.8956826591112,61,0,1.0
6,Min Sum,Full-Contraction,1.0,1088.6440827567576,66,0,1.0
6,Min Sum,Full-Contraction,1.0,912.215608447558,50,0,1.0
6,Min Sum,Full-Contraction,1.0,1145.3069883928124,61,0,1.0
6,Min Sum,Full-Contraction,1.0,942.8090415820634,63,0,1.0
6,Min Sum,Full-Contraction,1.0,970.6813185707359,52,0,1.0
6,Min Sum,Full-Contraction,1.0,1135.5513366778332,61,0,1.0
6,Min Sum,Full-Contraction,1.0,1022.824509171938,61,0,1.0
6,Min Sum,Full-Contraction,1.0,1022.824509171938,61,0,1.0
6,Min Sum,Full-Contraction,1.0,1172.2309416621197,62,0,1.0
6,Min Sum,Full-Contraction,1.0,1230.696651785298,62,0,1.0
6,Min Sum,Full-Contraction,1.0,1194.0170468010112,61,0,1.0
6,Min Sum,Full-Contraction,1.0,898.2794699532216,52,0,1.0
6,Min Sum,Full-Contraction,1.0,912.215608447558,52,0,1.0
6,Min Sum,Full-Contraction,1.0,1106.7442176412278,59,0,1.0
6,Min Sum,Full-Contraction,1.0,1096.8666572369157,59,0,1.0
6,Min Sum,Full-Contraction,1.0,1088.6440827567576,66,0,1.0
6,Min Sum,Full-Contraction,1.0,1000.363300298365,55,0,1.0
6,Min Sum,Full-Contraction,1.0,1058.8290104215432,54,0,1.0
6,Min Sum,Full-Contraction,1.0,898.2794699532216,53,0,1.0
6,Min Sum,Full-Contraction,1.0,1081.625453285312,55,0,1.0
6,Min Sum,Full-Contraction,1.0,970.6813185707359,50,0,1.0
6,Min Sum,Full-Contraction,1.0,1145.3069883928124,61,0,1.0
6,Min Sum,Full-Contraction,1.0,1048.6110217551623,61,0,1.0
6,Min Sum,Full-Contraction,1.0,970.6813185707359,52,0,1.0
6,Min Sum,Full-Contraction,1.0,1096.8666572369157,59,0,1.0
6,Min Sum,Full-Contraction,1.0,1058.8290104215432,54,0,1.0
6,Min Sum,Full-Contraction,1.0,964.3587990487598,55,0,1.0
6,Min Sum,Full-Contraction,1.0,1058.8290104215432,54,0,1.0
6,Min Sum,Full-Contraction,1.0,1145.3069883928124,61,0,1.0
6,Min Sum,Full-Contraction,1.0,1058.8290104215432,57,0,1.0
6,Min Sum,Full-Contraction,1.0,1034.9449797506684,55,0,1.0
6,Min Sum,Full-Contraction,1.0,1405.040953588291,70,0,1.0
6,Min Sum,Full-Contraction,1.0,981.6855671232636,54,0,1.0
6,Min Sum,Full-Contraction,1.0,1084.1391565420008,55,0,1.0
6,Min Sum,Full-Contraction,1.0,1034.9449797506684,60,0,1.0
6,Min Sum,Full-Contraction,1.0,1059.352333375247,63,0,1.0
6,Min Sum,Full-Contraction,1.0,1208.3205122228092,70,0,1.0
6,Min Sum,Full-Contraction,1.0,1059.352333375247,63,0,1.0
6,Min Sum,Full-Contraction,1.0,1215.8637237728267,70,0,1.0
6,Min Sum,Full-Contraction,1.0,1060.0998430786578,63,0,1.0
6,Min Sum,Full-Contraction,1.0,1071.0915316807186,55,0,1.0
6,Min Sum,Full-Contraction,1.0,1405.040953588291,70,0,1.0
6,Min Sum,Full-Contraction,1.0,1059.2020975838263,55,0,1.0
6,Min Sum,Full-Contraction,1.0,1405.040953588291,70,0,1.0
6,Min Sum,Full-Contraction,1.0,965.9266247777912,60,0,1.0
6,Min Sum,Full-Contraction,1.0,1342.0890151095734,76,0,1.0
6,Min Sum,Full-Contraction,1.0,1257.5926002478182,63,0,1.0
6,Min Sum,Full-Contraction,1.0,1105.3500775913835,63,0,1.0
6,Min Sum,Full-Contraction,1.0,1060.0998430786578,54,0,1.0
6,Min Sum,Full-Contraction,1.0,873.9848152430961,55,0,1.0
6,Min Sum,Full-Contraction,1.0,1215.8637237728267,70,0,1.0
6,Min Sum,Full-Contraction,1.0,1208.3205122228092,70,0,1.0
6,Min Sum,Full-Contraction,1.0,1034.9449797506684,52,0,1.0
6,Min Sum,Full-Contraction,1.0,832.720125073922,52,0,1.0
6,Min Sum,Full-Contraction,1.0,1309.7967781423151,66,0,1.0
6,Min Sum,Full-Contraction,1.0,1257.5926002478182,63,0,1.0
6,Min Sum,Full-Contraction,1.0,1021.8973548893861,52,0,1.0
6,Min Sum,Full-Contraction,1.0,1405.040953588291,70,0,1.0
6,Min Sum,Full-Contraction,1.0,1059.352333375247,63,0,1.0
6,Min Sum,Full-Contraction,1.0,1248.529563190711,63,0,1.0
6,Min Sum,Full-Contraction,1.0,1021.8973548893861,55,0,1.0
6,Min Sum,Full-Contraction,1.0,1309.7967781423151,66,0,1.0
6,Min Sum,Full-Contraction,1.0,873.9848152430961,55,0,1.0
6,Min Sum,Full-Contraction,1.0,1034.9449797506684,52,0,1.0
6,Min Sum,Full-Contraction,1.0,1309.7967781423151,66,0,1.0
6,Min Sum,Full-Contraction,1.0,1405.040953588291,70,0,1.0
6,Min Sum,Full-Contraction,1.0,1021.8973548893861,52,0,1.0
6,Min Sum,Full-Contraction,1.0,1309.7967781423151,66,0,1.0
6,Min Sum,Full-Contraction,1.0,1188.3676826368248,60,0,1.0
6,Min Sum,Full-Contraction,1.0,1118.3977024526657,56,0,1.0
6,Min Sum,Full-Contraction,1.0,1129.3911482315282,63,0,1.0
6,Min Sum,Full-Contraction,1.0,1118.3977024526657,60,0,1.0
6,Min Sum,Full-Contraction,1.0,1118.3977024526657,60,0,1.0
6,Min Sum,Full-Contraction,1.0,1235.4819383294289,66,0,1.0
6,Min Sum,Full-Contraction,1.0,1266.5459916834752,63,0,1.0
6,Min Sum,Full-Contraction,1.0,1201.4153074981073,60,0,1.0
6,Min Sum,Full-Contraction,1.0,1060.0998430786578,54,0,1.0
6,Min Sum,Full-Contraction,1.0,918.8589758350773,54,0,1.0
6,Min Sum,Full-Contraction,1.0,1021.8973548893861,63,0,1.0
6,Min Sum,Full-Contraction,1.0,1068.4153704323542,63,0,1.0
6,Min Sum,Full-Contraction,1.0,1405.040953588291,70,0,1.0
6,Min Sum,Full-Contraction,1.0,1105.3500775913835,57,0,1.0
6,Min Sum,Full-Contraction,1.0,1084.1391565420008,55,0,1.0
6,Min Sum,Full-Contraction,1.0,981.6855671232636,54,0,1.0
6,Min Sum,Full-Contraction,1.0,1084.1391565420008,55,0,1.0
6,Min Sum,Full-Contraction,1.0,1021.8973548893861,52,0,1.0
6,Min Sum,Full-Contraction,1.0,1309.7967781423151,66,0,1.0
6,Min Sum,Full-Contraction,1.0,1235.4819383294289,63,0,1.0
6,Min Sum,Full-Contraction,1.0,1021.8973548893861,52,0,1.0
6,Min Sum,Full-Contraction,1.0,1257.5926002478182,63,0,1.0
6,Min Sum,Full-Contraction,1.0,1034.9449797506684,55,0,1.0
6,Min Sum,Full-Contraction,1.0,1021.8973548893861,56,0,1.0
6,Min Sum,Full-Contraction,1.0,940.2139184160642,57,0,1.0
6,Min Sum,Full-Contraction,1.0,1309.7967781423151,66,0,1.0
6,Min Sum,Full-Contraction,1.0,1071.0915316807186,55,0,1.0
6,Min Sum,Full-Contraction,1.0,1303.7380450265834,71,0,1.0
6,Min Sum,Full-Contraction,1.0,1096.8666572369157,59,0,1.0
6,Min Sum,Full-Contraction,1.0,1203.3626335699685,61,0,1.0
6,Min Sum,Full-Contraction,1.0,853.7498983243797,49,0,1.0
6,Min Sum,Full-Contraction,1.0,1217.6827499565743,72,0,1.0
6,Min Sum,Full-Contraction,1.0,1368.2883394982923,79,0,1.0
6,Min Sum,Full-Contraction,1.0,1217.6827499565743,72,0,1.0
6,Min Sum,Full-Contraction,1.0,1368.2883394982923,79,0,1.0
6,Min Sum,Full-Contraction,1.0,1217.6827499565743,72,0,1.0
6,Min Sum,Full-Contraction,1.0,1165.209927764406,59,0,1.0
6,Min Sum,Full-Contraction,1.0,1355.434167641131,71,0,1.0
6,Min Sum,Full-Contraction,1.0,1058.8290104215432,54,0,1.0
6,Min Sum,Full-Contraction,1.0,1355.434167641131,71,0,1.0
6,Min Sum,Full-Contraction,1.0,912.2156084475578,50,0,1.0
6,Min Sum,Full-Contraction,1.0,1500.5254624311933,85,0,1.0
6,Min Sum,Full-Contraction,1.0,1203.3626335699685,68,0,1.0
6,Min Sum,Full-Contraction,1.0,1299.111033667615,72,0,1.0
6,Min Sum,Full-Contraction,1.0,1096.8666572369157,59,0,1.0
6,Min Sum,Full-Contraction,1.0,956.7451800763997,49,0,1.0
6,Min Sum,Full-Contraction,1.0,1368.2883394982923,79,0,1.0
6,Min Sum,Full-Contraction,1.0,1368.2883394982923,79,0,1.0
6,Min Sum,Full-Contraction,1.0,1022.824509171938,58,0,1.0
6,Min Sum,Full-Contraction,1.0,1022.824509171938,58,0,1.0
6,Min Sum,Full-Contraction,1.0,1303.7380450265834,69,0,1.0
6,Min Sum,Full-Contraction,1.0,1296.101936522543,72,0,1.0
6,Min Sum,Full-Contraction,1.0,1203.3626335699685,61,0,1.0
6,Min Sum,Full-Contraction,1.0,1355.434167641131,71,0,1.0
6,Min Sum,Full-Contraction,1.0,1217.6827499565743,72,0,1.0
6,Min Sum,Full-Contraction,1.0,1299.111033667615,66,0,1.0
6,Min Sum,Full-Contraction,1.0,1203.3626335699685,61,0,1.0
6,Min Sum,Full-Contraction,1.0,1303.7380450265834,69,0,1.0
6,Min Sum,Full-Contraction,1.0,956.7451800763997,49,0,1.0
6,Min Sum,Full-Contraction,1.0,1022.824509171938,58,0,1.0
6,Min Sum,Full-Contraction,1.0,1303.7380450265834,69,0,1.0
6,Min Sum,Full-Contraction,1.0,1355.434167641131,72,0,1.0
6,Min Sum,Full-Contraction,1.0,956.7451800763997,52,0,1.0
6,Min Sum,Full-Contraction,1.0,1217.6827499565743,72,0,1.0
6,Min Sum,Full-Contraction,1.0,1230.696651785298,62,0,1.0
6,Min Sum,Full-Contraction,1.0,1000.363300298365,54,0,1.0
6,Min Sum,Full-Contraction,1.0,1217.6827499565743,72,0,1.0
6,Min Sum,Full-Contraction,1.0,1000.363300298365,54,0,1.0
6,Min Sum,Full-Contraction,1.0,1000.363300298365,54,0,1.0
6,Min Sum,Full-Contraction,1.0,1428.1497008674314,74,0,1.0
6,Min Sum,Full-Contraction,1.0,908.7584038913216,53,0,1.0
6,Min Sum,Full-Contraction,1.0,912.2156084475578,50,0,1.0
6,Min Sum,Full-Contraction,1.0,1096.8666572369157,59,0,1.0
6,Min Sum,Full-Contraction,1.0,1096.8666572369157,59,0,1.0
6,Min Sum,Full-Contraction,1.0,1181.6384089568737,70,0,1.0
6,Min Sum,Full-Contraction,1.0,1296.101936522543,68,0,1.0
6,Min Sum,Full-Contraction,1.0,1355.434167641131,71,0,1.0
6,Min Sum,Full-Contraction,1.0,1299.111033667615,66,0,1.0
6,Min Sum,Full-Contraction,1.0,1022.824509171938,52,0,1.0
6,Min Sum,Full-Contraction,1.0,1096.8666572369157,59,0,1.0
6,Min Sum,Full-Contraction,1.0,956.7451800763997,49,0,1.0
6,Min Sum,Full-Contraction,1.0,970.6813185707359,52,0,1.0
6,Min Sum,Full-Contraction,1.0,1296.101936522543,72,0,1.0
6,Min Sum,Full-Contraction,1.0,1428.1497008674314,72,0,1.0
6,Min Sum,Full-Contraction,1.0,1203.3626335699685,61,0,1.0
6,Min Sum,Full-Contraction,1.0,1296.101936522543,68,0,1.0
6,Min Sum,Full-Contraction,1.0,853.7498983243797,49,0,1.0
6,Min Sum,Full-Contraction,1.0,1203.3626335699685,66,0,1.0
6,Min Sum,Full-Contraction,1.0,1088.6440827567576,66,0,1.0
6,Min Sum,Full-Contraction,1.0,1303.7380450265834,69,0,1.0
6,Min Sum,Full-Contraction,1.0,1165.209927764406,59,0,1.0
6,Min Sum,Full-Contraction,1.0,1228.594359862068,77,0,1.0
6,Min Sum,Full-Contraction,1.0,1481.9145939191108,77,0,1.0
6,Min Sum,Full-Contraction,1.0,1543.5040428255393,82,0,1.0
6,Min Sum,Full-Contraction,1.0,1267.637448641034,79,0,1.0
6,Min Sum,Full-Contraction,1.0,1267.637448641034,79,0,1.0
6,Min Sum,Full-Contraction,1.0,1319.5414483041159,70,0,1.0
6,Min Sum,Full-Contraction,1.0,1078.007172281732,70,0,1.0
6,Min Sum,Full-Contraction,1.0,1077.0329614269008,54,0,1.0
6,Min Sum,Full-Contraction,1.0,1481.9145939191108,74,0,1.0
6,Min Sum,Full-Contraction,1.0,1077.0329614269008,54,0,1.0
6,Min Sum,Full-Contraction,1.0,1582.5471316045055,79,0,1.0
6,Min Sum,Full-Contraction,1.0,1077.0329614269008,54,0,1.0
6,Min Sum,Full-Contraction,1.0,1543.5040428255393,82,0,1.0
6,Min Sum,Full-Contraction,1.0,1038.5164807134504,70,0,1.0
6,Min Sum,Full-Contraction,1.0,1209.3368739633875,61,0,1.0
6,Min Sum,Full-Contraction,1.0,1267.637448641034,79,0,1.0
6,Min Sum,Full-Contraction,1.0,1319.5414483041159,77,0,1.0
6,Min Sum,Full-Contraction,1.0,1344.7422555433054,74,0,1.0
6,Min Sum,Full-Contraction,1.0,1029.8325725798338,67,0,1.0
6,Min Sum,Full-Contraction,1.0,1238.5164807134504,70,0,1.0
6,Min Sum,Full-Contraction,1.0,1178.8289044567352,61,0,1.0
6,Min Sum,Full-Contraction,1.0,1178.8289044567352,67,0,1.0
6,Min Sum,Full-Contraction,1.0,1077.0329614269008,54,0,1.0
6,Min Sum,Full-Contraction,1.0,1038.5164807134504,53,0,1.0
6,Min Sum,Full-Contraction,1.0,1319.5414483041159,70,0,1.0
6,Min Sum,Full-Contraction,1.0,1077.0329614269008,54,0,1.0
6,Min Sum,Full-Contraction,1.0,1078.007172281732,70,0,1.0
6,Min Sum,Full-Contraction,1.0,1077.0329614269008,54,0,1.0
6,Min Sum,Full-Contraction,1.0,1209.3368739633875,74,0,1.0
6,Min Sum,Full-Contraction,1.0,1029.8325725798338,67,0,1.0
6,Min Sum,Full-Contraction,1.0,1344.7422555433054,74,0,1.0
6,Min Sum,Full-Contraction,1.0,1178.8289044567352,61,0,1.0
6,Min Sum,Full-Contraction,1.0,1481.9145939191108,74,0,1.0
6,Min Sum,Full-Contraction,1.0,1077.0329614269008,54,0,1.0
6,Min Sum,Full-Contraction,1.0,1319.5414483041159,70,0,1.0
6,Min Sum,Full-Contraction,1.0,1038.5164807134504,53,0,1.0
6,Min Sum,Full-Contraction,1.0,1656.5504694633453,82,0,1.0
6,Min Sum,Full-Contraction,1.0,1077.0329614269008,66,0,1.0
6,Min Sum,Full-Contraction,1.0,1077.0329614269008,54,0,1.0
6,Min Sum,Full-Contraction,1.0,1543.5040428255393,82,0,1.0
6,Min Sum,Full-Contraction,1.0,1543.5040428255393,82,0,1.0
6,Min Sum,Full-Contraction,1.0,1146.7927337432725,70,0,1.0
6,Min Sum,Full-Contraction,1.0,1319.5414483041159,80,0,1.0
6,Min Sum,Full-Contraction,1.0,1543.5040428255393,82,0,1.0
6,Min Sum,Full-Contraction,1.0,1228.594359862068,77,0,1.0
6,Min Sum,Full-Contraction,1.0,1228.594359862068,77,0,1.0
6,Min Sum,Full-Contraction,1.0,1178.8289044567352,70,0,1.0
6,Min Sum,Full-Contraction,1.0,1146.7927337432725,70,0,1.0
6,Min Sum,Full-Contraction,1.0,1178.8289044567352,59,0,1.0
6,Min Sum,Full-Contraction,1.0,1267.637448641034,79,0,1.0
6,Min Sum,Full-Contraction,1.0,1543.5040428255393,77,0,1.0
6,Min Sum,Full-Contraction,1.0,1228.594359862068,77,0,1.0
6,Min Sum,Full-Contraction,1.0,1543.5040428255393,79,0,1.0
6,Min Sum,Full-Contraction,1.0,1319.5414483041159,70,0,1.0
6,Min Sum,Full-Contraction,1.0,1038.5164807134504,53,0,1.0
6,Min Sum,Full-Contraction,1.0,899.0716082598493,53,0,1.0
6,Min Sum,Full-Contraction,1.0,1319.5414483041159,77,0,1.0
6,Min Sum,Full-Contraction,1.0,1038.5164807134504,67,0,1.0
6,Min Sum,Full-Contraction,1.0,1344.7422555433054,74,0,1.0
6,Min Sum,Full-Contraction,1.0,1178.8289044567352,70,0,1.0
6,Min Sum,Full-Contraction,1.0,1344.7422555433054,74,0,1.0
6,Min Sum,Full-Contraction,1.0,1209.3368739633875,61,0,1.0
6,Min Sum,Full-Contraction,1.0,1481.9145939191108,74,0,1.0
6,Min Sum,Full-Contraction,1.0,1217.008732545826,64,0,1.0
6,Min Sum,Full-Contraction,1.0,1092.9971408438084,58,0,1.0
6,Min Sum,Full-Contraction,1.0,1370.134478063541,72,0,1.0
6,Min Sum,Full-Contraction,1.0,1539.4649654579785,80,0,1.0
6,Min Sum,Full-Contraction,1.0,1370.134478063541,72,0,1.0
6,Min Sum,Full-Contraction,1.0,1499.851445020445,78,0,1.0
6,Min Sum,Full-Contraction,1.0,1176.4602927211006,72,0,1.0
6,Min Sum,Full-Contraction,1.0,1344.6725000709207,67,0,1.0
6,Min Sum,Full-Contraction,1.0,1271.4792619456694,67,0,1.0
6,Min Sum,Full-Contraction,1.0,1290.2019706710776,64,0,1.0
6,Min Sum,Full-Contraction,1.0,1271.4792619456694,67,0,1.0
6,Min Sum,Full-Contraction,1.0,1092.9971408438084,58,0,1.0
6,Min Sum,Full-Contraction,1.0,1650.0773764584164,85,0,1.0
6,Min Sum,Full-Contraction,1.0,1217.008732545826,64,0,1.0
6,Min Sum,Full-Contraction,1.0,1370.134478063541,72,0,1.0
6,Min Sum,Full-Contraction,1.0,1092.9971408438084,55,0,1.0
6,Min Sum,Full-Contraction,1.0,1092.9971408438084,55,0,1.0
6,Min Sum,Full-Contraction,1.0,1499.851445020445,78,0,1.0
6,Min Sum,Full-Contraction,1.0,1539.4649654579785,80,0,1.0
6,Min Sum,Full-Contraction,1.0,1092.9971408438084,58,0,1.0
6,Min Sum,Full-Contraction,1.0,1092.9971408438084,58,0,1.0
6,Min Sum,Full-Contraction,1.0,1271.4792619456694,67,0,1.0
6,Min Sum,Full-Contraction,1.0,1370.134478063541,72,0,1.0
6,Min Sum,Full-Contraction,1.0,1217.008732545826,64,0,1.0
6,Min Sum,Full-Contraction,1.0,1271.4792619456694,67,0,1.0
6,Min Sum,Full-Contraction,1.0,1370.134478063541,72,0,1.0
6,Min Sum,Full-Contraction,1.0,1271.4792619456694,67,0,1.0
6,Min Sum,Full-Contraction,1.0,1217.008732545826,64,0,1.0
6,Min Sum,Full-Contraction,1.0,1023.3345472033855,64,0,1.0
6,Min Sum,Full-Contraction,1.0,1092.9971408438084,55,0,1.0
6,Min Sum,Full-Contraction,1.0,1092.9971408438084,58,0,1.0
6,Min Sum,Full-Contraction,1.0,1344.6725000709207,67,0,1.0
6,Min Sum,Full-Contraction,1.0,1370.134478063541,72,0,1.0
6,Min Sum,Full-Contraction,1.0,1019.803902718557,55,0,1.0
6,Min Sum,Full-Contraction,1.0,1370.134478063541,72,0,1.0
6,Min Sum,Full-Contraction,1.0,1443.3277161887927,72,0,1.0
6,Min Sum,Full-Contraction,1.0,1092.9971408438084,55,0,1.0
6,Min Sum,Full-Contraction,1.0,1370.134478063541,72,0,1.0
6,Min Sum,Full-Contraction,1.0,1092.9971408438084,58,0,1.0
6,Min Sum,Full-Contraction,1.0,1092.9971408438084,58,0,1.0
6,Min Sum,Full-Contraction,1.0,1370.134478063541,72,0,1.0
6,Min Sum,Full-Contraction,1.0,1092.9971408438084,58,0,1.0
6,Min Sum,Full-Contraction,1.0,1092.9971408438084,58,0,1.0
6,Min Sum,Full-Contraction,1.0,1092.9971408438084,55,0,1.0
6,Min Sum,Full-Contraction,1.0,1092.9971408438084,55,0,1.0
6,Min Sum,Full-Contraction,1.0,1271.4792619456694,67,0,1.0
6,Min Sum,Full-Contraction,1.0,1217.008732545826,64,0,1.0
6,Min Sum,Full-Contraction,1.0,1290.2019706710776,67,0,1.0
6,Min Sum,Full-Contraction,1.0,1271.4792619456694,67,0,1.0
6,Min Sum,Full-Contraction,1.0,1092.9971408438084,55,0,1.0
6,Min Sum,Full-Contraction,1.0,1166.19037896906,58,0,1.0
6,Min Sum,Full-Contraction,1.0,1092.9971408438084,55,0,1.0
6,Min Sum,Full-Contraction,1.0,1166.19037896906,58,0,1.0
6,Min Sum,Full-Contraction,1.0,1370.134478063541,72,0,1.0
6,Min Sum,Full-Contraction,1.0,1370.134478063541,72,0,1.0
6,Min Sum,Full-Contraction,1.0,1217.008732545826,64,0,1.0
6,Min Sum,Full-Contraction,1.0,1217.008732545826,64,0,1.0
6,Min Sum,Full-Contraction,1.0,899.3229555013679,55,0,1.0
6,Min Sum,Full-Contraction,1.0,1290.2019706710776,67,0,1.0
6,Min Sum,Full-Contraction,1.0,1217.008732545826,64,0,1.0
6,Min Sum,Full-Contraction,1.0,1217.008732545826,64,0,1.0
6,Min Sum,Full-Contraction,1.0,1344.6725000709207,67,0,1.0
6,Min Sum,Full-Contraction,1.0,1105.3500775913835,60,0,1.0
6,Min Sum,Full-Contraction,1.0,1488.493676290288,74,0,1.0
6,Min Sum,Full-Contraction,1.0,1614.718967627035,80,0,1.0
6,Min Sum,Full-Contraction,1.0,1488.493676290288,74,0,1.0
6,Min Sum,Full-Contraction,1.0,1659.7505575285709,82,0,1.0
6,Min Sum,Full-Contraction,1.0,1488.493676290288,74,0,1.0
6,Min Sum,Full-Contraction,1.0,1008.8497300281037,56,0,1.0
6,Min Sum,Full-Contraction,1.0,1563.2502099652913,82,0,1.0
6,Min Sum,Full-Contraction,1.0,1008.8497300281037,56,0,1.0
6,Min Sum,Full-Contraction,1.0,1563.2502099652913,82,0,1.0
6,Min Sum,Full-Contraction,1.0,919.2368069326235,61,0,1.0
6,Min Sum,Full-Contraction,1.0,1767.591879243998,88,0,1.0
6,Min Sum,Full-Contraction,1.0,1539.6004019325796,77,0,1.0
6,Min Sum,Full-Contraction,1.0,1488.493676290288,74,0,1.0
6,Min Sum,Full-Contraction,1.0,1341.0453229498155,67,0,1.0
6,Min Sum,Full-Contraction,1.0,1008.8497300281037,56,0,1.0
6,Min Sum,Full-Contraction,1.0,1659.7505575285709,82,0,1.0
6,Min Sum,Full-Contraction,1.0,1614.718967627035,80,0,1.0
6,Min Sum,Full-Contraction,1.0,1212.8438709335255,61,0,1.0
6,Min Sum,Full-Contraction,1.0,1212.8438709335255,61,0,1.0
6,Min Sum,Full-Contraction,1.0,1308.6580047167197,79,0,1.0
6,Min Sum,Full-Contraction,1.0,1539.6004019325796,77,0,1.0
6,Min Sum,Full-Contraction,1.0,929.2204726372017,60,0,1.0
6,Min Sum,Full-Contraction,1.0,1563.2502099652913,82,0,1.0
6,Min Sum,Full-Contraction,1.0,1488.493676290288,74,0,1.0
6,Min Sum,Full-Contraction,1.0,1391.9933287270085,74,0,1.0
6,Min Sum,Full-Contraction,1.0,1008.8497300281037,60,0,1.0
6,Min Sum,Full-Contraction,1.0,1581.287957234181,79,0,1.0
6,Min Sum,Full-Contraction,1.0,1008.8497300281037,56,0,1.0
6,Min Sum,Full-Contraction,1.0,1105.3500775913835,61,0,1.0
6,Min Sum,Full-Contraction,1.0,1581.287957234181,79,0,1.0
6,Min Sum,Full-Contraction,1.0,1563.2502099652913,82,0,1.0
6,Min Sum,Full-Contraction,1.0,1049.3793474797885,56,0,1.0
6,Min Sum,Full-Contraction,1.0,1581.287957234181,79,0,1.0
6,Min Sum,Full-Contraction,1.0,1341.0453229498155,67,0,1.0
6,Min Sum,Full-Contraction,1.0,1235.4819383294289,67,0,1.0
6,Min Sum,Full-Contraction,1.0,1235.4819383294289,74,0,1.0
6,Min Sum,Full-Contraction,1.0,1235.4819383294289,67,0,1.0
6,Min Sum,Full-Contraction,1.0,1235.4819383294289,67,0,1.0
6,Min Sum,Full-Contraction,1.0,1581.287957234181,79,0,1.0
6,Min Sum,Full-Contraction,1.0,1207.5923020050182,65,0,1.0
6,Min Sum,Full-Contraction,1.0,948.9354295410166,61,0,1.0
6,Min Sum,Full-Contraction,1.0,1341.0453229498155,67,0,1.0
6,Min Sum,Full-Contraction,1.0,1341.0453229498155,67,0,1.0
6,Min Sum,Full-Contraction,1.0,1539.6004019325796,77,0,1.0
6,Min Sum,Full-Contraction,1.0,1539.6004019325796,77,0,1.0
6,Min Sum,Full-Contraction,1.0,1563.2502099652913,82,0,1.0
6,Min Sum,Full-Contraction,1.0,1393.2495008443125,70,0,1.0
6,Min Sum,Full-Contraction,1.0,1049.3793474797885,56,0,1.0
6,Min Sum,Full-Contraction,1.0,1341.0453229498155,67,0,1.0
6,Min Sum,Full-Contraction,1.0,1008.8497300281037,56,0,1.0
6,Min Sum,Full-Contraction,1.0,1049.3793474797885,56,0,1.0
6,Min Sum,Full-Contraction,1.0,1581.287957234181,79,0,1.0
6,Min Sum,Full-Contraction,1.0,1539.6004019325796,77,0,1.0
6,Min Sum,Full-Contraction,1.0,1201.850425154663,60,0,1.0
6,Min Sum,Full-Contraction,1.0,1539.6004019325796,77,0,1.0
6,Min Sum,Full-Contraction,1.0,1105.3500775913835,60,0,1.0
6,Min Sum,Full-Contraction,1.0,1331.9822858927087,67,0,1.0
6,Min Sum,Full-Contraction,1.0,1393.2495008443125,70,0,1.0
6,Min Sum,Full-Contraction,1.0,1581.287957234181,79,0,1.0
6,Min Sum,Full-Contraction,1.0,1105.3500775913835,56,0,1.0
6,Min Sum,Full-Contraction,1.0,1423.569708819864,72,0,1.0
6,Min Sum,Full-Contraction,1.0,1581.210689119769,79,0,1.0
6,Min Sum,Full-Contraction,1.0,1423.569708819864,72,0,1.0
6,Min Sum,Full-Contraction,1.0,1564.7145854256287,78,0,1.0
6,Min Sum,Full-Contraction,1.0,1423.569708819864,72,0,1.0
6,Min Sum,Full-Contraction,1.0,1166.7809023762538,59,0,1.0
6,Min Sum,Full-Contraction,1.0,1303.9532407520592,66,0,1.0
6,Min Sum,Full-Contraction,1.0,1031.3755207963359,53,0,1.0
6,Min Sum,Full-Contraction,1.0,1303.9532407520592,66,0,1.0
6,Min Sum,Full-Contraction,1.0,860.5551275463989,45,0,1.0
6,Min Sum,Full-Contraction,1.0,1705.9175322537699,85,0,1.0
6,Min Sum,Full-Contraction,1.0,1166.7809023762538,65,0,1.0
6,Min Sum,Full-Contraction,1.0,1423.569708819864,72,0,1.0
6,Min Sum,Full-Contraction,1.0,1088.5661164744506,55,0,1.0
6,Min Sum,Full-Contraction,1.0,968.8313805762209,50,0,1.0
6,Min Sum,Full-Contraction,1.0,1564.7145854256287,78,0,1.0
6,Min Sum,Full-Contraction,1.0,1581.210689119769,79,0,1.0
6,Min Sum,Full-Contraction,1.0,1141.5800951370643,58,0,1.0
6,Min Sum,Full-Contraction,1.0,1141.5800951370643,58,0,1.0
6,Min Sum,Full-Contraction,1.0,1303.9532407520592,66,0,1.0
6,Min Sum,Full-Contraction,1.0,1423.569708819864,72,0,1.0
6,Min Sum,Full-Contraction,1.0,1214.955502078152,62,0,1.0
6,Min Sum,Full-Contraction,1.0,1303.9532407520592,66,0,1.0
6,Min Sum,Full-Contraction,1.0,1423.569708819864,72,0,1.0
6,Min Sum,Full-Contraction,1.0,1303.9532407520592,66,0,1.0
6,Min Sum,Full-Contraction,1.0,1214.955502078152,62,0,1.0
6,Min Sum,Full-Contraction,1.0,1260.555127546399,64,0,1.0
6,Min Sum,Full-Contraction,1.0,968.8313805762209,50,0,1.0
6,Min Sum,Full-Contraction,1.0,1141.5800951370643,58,0,1.0
6,Min Sum,Full-Contraction,1.0,1166.7809023762538,64,0,1.0
6,Min Sum,Full-Contraction,1.0,1423.569708819864,72,0,1.0
6,Min Sum,Full-Contraction,1.0,1031.3755207963359,53,0,1.0
6,Min Sum,Full-Contraction,1.0,1423.569708819864,72,0,1.0
6,Min Sum,Full-Contraction,1.0,1214.955502078152,62,0,1.0
6,Min Sum,Full-Contraction,1.0,968.8313805762209,50,0,1.0
6,Min Sum,Full-Contraction,1.0,1423.569708819864,72,0,1.0
6,Min Sum,Full-Contraction,1.0,899.0716082598493,46,0,1.0
6,Min Sum,Full-Contraction,1.0,899.0716082598493,46,0,1.0
6,Min Sum,Full-Contraction,1.0,1442.2205101855957,72,0,1.0
6,Min Sum,Full-Contraction,1.0,968.8313805762209,50,0,1.0
6,Min Sum,Full-Contraction,1.0,860.5551275463989,45,0,1.0
6,Min Sum,Full-Contraction,1.0,1088.5661164744506,55,0,1.0
6,Min Sum,Full-Contraction,1.0,1088.5661164744506,55,0,1.0
6,Min Sum,Full-Contraction,1.0,1345.4409077260093,68,0,1.0
6,Min Sum,Full-Contraction,1.0,1282.5095732756877,65,0,1.0
6,Min Sum,Full-Contraction,1.0,1282.5095732756877,65,0,1.0
6,Min Sum,Full-Contraction,1.0,1303.9532407520592,66,0,1.0
6,Min Sum,Full-Contraction,1.0,1031.3755207963359,53,0,1.0
6,Min Sum,Full-Contraction,1.0,1088.5661164744506,55,0,1.0
6,Min Sum,Full-Contraction,1.0,968.8313805762209,50,0,1.0
6,Min Sum,Full-Contraction,1.0,1031.3755207963359,53,0,1.0
6,Min Sum,Full-Contraction,1.0,1423.569708819864,72,0,1.0
6,Min Sum,Full-Contraction,1.0,1423.569708819864,72,0,1.0
6,Min Sum,Full-Contraction,1.0,1214.955502078152,62,0,1.0
6,Min Sum,Full-Contraction,1.0,1282.5095732756877,65,0,1.0
6,Min Sum,Full-Contraction,1.0,968.8313805762209,50,0,1.0
6,Min Sum,Full-Contraction,1.0,1303.9532407520592,66,0,1.0
6,Min Sum,Full-Contraction,1.0,1282.5095732756877,65,0,1.0
6,Min Sum,Full-Contraction,1.0,1088.5661164744506,64,0,1.0
6,Min Sum,Full-Contraction,1.0,1166.7809023762538,59,0,1.0
6,Min Sum,Full-Contraction,1.0,1468.5623371699874,73,0,1.0
6,Min Sum,Full-Contraction,1.0,1323.295549418614,66,0,1.0
6,Min Sum,Full-Contraction,1.0,1484.9203770578715,74,0,1.0
6,Min Sum,Full-Contraction,1.0,1261.2153099803206,66,0,1.0
6,Min Sum,Full-Contraction,1.0,1261.2153099803206,65,0,1.0
6,Min Sum,Full-Contraction,1.0,1188.694051404037,78,0,1.0
6,Min Sum,Full-Contraction,1.0,1000.0943162909884,65,0,1.0
6,Min Sum,Full-Contraction,1.0,1188.694051404037,78,0,1.0
6,Min Sum,Full-Contraction,1.0,1147.0821179526724,71,0,1.0
6,Min Sum,Full-Contraction,1.0,1605.63459194306,80,0,1.0
6,Min Sum,Full-Contraction,1.0,1381.2155462067371,69,0,1.0
6,Min Sum,Full-Contraction,1.0,1323.295549418614,66,0,1.0
6,Min Sum,Full-Contraction,1.0,1188.6940514040368,62,0,1.0
6,Min Sum,Full-Contraction,1.0,1000.0943162909884,65,0,1.0
6,Min Sum,Full-Contraction,1.0,1484.9203770578715,74,0,1.0
6,Min Sum,Full-Contraction,1.0,1468.5623371699874,73,0,1.0
6,Min Sum,Full-Contraction,1.0,1041.706249742353,62,0,1.0
6,Min Sum,Full-Contraction,1.0,1000.0943162909884,62,0,1.0
6,Min Sum,Full-Contraction,1.0,1188.694051404037,72,0,1.0
6,Min Sum,Full-Contraction,1.0,1381.2155462067371,71,0,1.0
6,Min Sum,Full-Contraction,1.0,1106.369910180185,62,0,1.0
6,Min Sum,Full-Contraction,1.0,1281.6836159672494,78,0,1.0
6,Min Sum,Full-Contraction,1.0,1323.295549418614,66,0,1.0
6,Min Sum,Full-Contraction,1.0,1093.791521376339,71,0,1.0
6,Min Sum,Full-Contraction,1.0,1106.369910180185,65,0,1.0
6,Min Sum,Full-Contraction,1.0,1188.6940514040368,72,0,1.0
6,Min Sum,Full-Contraction,1.0,1000.0943162909884,65,0,1.0
6,Min Sum,Full-Contraction,1.0,1000.0943162909884,62,0,1.0
6,Min Sum,Full-Contraction,1.0,1188.6940514040368,72,0,1.0
6,Min Sum,Full-Contraction,1.0,1281.6836159672494,78,0,1.0
6,Min Sum,Full-Contraction,1.0,1195.4583913123447,62,0,1.0
6,Min Sum,Full-Contraction,1.0,1451.8657474512868,72,0,1.0
6,Min Sum,Full-Contraction,1.0,1188.6940514040368,66,0,1.0
6,Min Sum,Full-Contraction,1.0,1195.4583913123447,65,0,1.0
6,Min Sum,Full-Contraction,1.0,1323.295549418614,66,0,1.0
6,Min Sum,Full-Contraction,1.0,1261.2153099803206,71,0,1.0
6,Min Sum,Full-Contraction,1.0,1021.2379437554241,71,0,1.0
6,Min Sum,Full-Contraction,1.0,1399.512562081929,70,0,1.0
6,Min Sum,Full-Contraction,1.0,1195.4583913123447,74,0,1.0
6,Min Sum,Full-Contraction,1.0,1147.0821179526724,71,0,1.0
6,Min Sum,Full-Contraction,1.0,1188.6940514040368,60,0,1.0
6,Min Sum,Full-Contraction,1.0,1188.6940514040368,60,0,1.0
6,Min Sum,Full-Contraction,1.0,1362.4409760969284,68,0,1.0
6,Min Sum,Full-Contraction,1.0,1099.626246530476,69,0,1.0
6,Min Sum,Full-Contraction,1.0,1106.369910180185,78,0,1.0
6,Min Sum,Full-Contraction,1.0,1240.071682515885,64,0,1.0
6,Min Sum,Full-Contraction,1.0,1093.791521376339,65,0,1.0
6,Min Sum,Full-Contraction,1.0,1188.6940514040368,60,0,1.0
6,Min Sum,Full-Contraction,1.0,1261.2153099803206,65,0,1.0
6,Min Sum,Full-Contraction,1.0,915.5068782381039,62,0,1.0
6,Min Sum,Full-Contraction,1.0,1451.8657474512868,72,0,1.0
6,Min Sum,Full-Contraction,1.0,1381.2155462067371,69,0,1.0
6,Min Sum,Full-Contraction,1.0,1106.369910180185,62,0,1.0
6,Min Sum,Full-Contraction,1.0,1188.6940514040368,69,0,1.0
6,Min Sum,Full-Contraction,1.0,1195.4583913123447,65,0,1.0
6,Min Sum,Full-Contraction,1.0,1188.694051404037,60,0,1.0
6,Min Sum,Full-Contraction,1.0,1261.2153099803206,65,0,1.0
6,Min Sum,Full-Contraction,1.0,950.0839997451521,72,0,1.0
6,Min Sum,Full-Contraction,1.0,1000.0943162909884,65,0,1.0
6,Min Sum,Full-Contraction,1.0,1414.213562373095,70,0,1.0
6,Min Sum,Full-Contraction,1.0,1468.6840917729382,73,0,1.0
6,Min Sum,Full-Contraction,1.0,1468.6840917729382,73,0,1.0
6,Min Sum,Full-Contraction,1.0,1217.008732545826,73,0,1.0
6,Min Sum,Full-Contraction,1.0,1414.213562373095,84,0,1.0
6,Min Sum,Full-Contraction,1.0,1217.008732545826,73,0,1.0
6,Min Sum,Full-Contraction,1.0,1414.213562373095,84,0,1.0
6,Min Sum,Full-Contraction,1.0,1290.2019706710776,78,0,1.0
6,Min Sum,Full-Contraction,1.0,1567.3393078908102,78,0,1.0
6,Min Sum,Full-Contraction,1.0,1023.3345472033855,73,0,1.0
6,Min Sum,Full-Contraction,1.0,1414.213562373095,70,0,1.0
6,Min Sum,Full-Contraction,1.0,1290.2019706710776,70,0,1.0
6,Min Sum,Full-Contraction,1.0,1185.8413792983192,73,0,1.0
6,Min Sum,Full-Contraction,1.0,1468.6840917729382,73,0,1.0
6,Min Sum,Full-Contraction,1.0,1414.213562373095,70,0,1.0
6,Min Sum,Full-Contraction,1.0,1131.370849898476,70,0,1.0
6,Min Sum,Full-Contraction,1.0,1217.008732545826,70,0,1.0
6,Min Sum,Full-Contraction,1.0,1290.2019706710776,78,0,1.0
6,Min Sum,Full-Contraction,1.0,1284.4965954161912,78,0,1.0
6,Min Sum,Full-Contraction,1.0,1131.370849898476,70,0,1.0
6,Min Sum,Full-Contraction,1.0,1414.213562373095,84,0,1.0
6,Min Sum,Full-Contraction,1.0,1290.2019706710776,64,0,1.0
6,Min Sum,Full-Contraction,1.0,1290.2019706710776,78,0,1.0
6,Min Sum,Full-Contraction,1.0,1185.8413792983192,73,0,1.0
6,Min Sum,Full-Contraction,1.0,1023.3345472033855,78,0,1.0
6,Min Sum,Full-Contraction,1.0,1023.3345472033855,73,0,1.0
6,Min Sum,Full-Contraction,1.0,1217.008732545826,70,0,1.0
6,Min Sum,Full-Contraction,1.0,1131.370849898476,78,0,1.0
6,Min Sum,Full-Contraction,1.0,1414.213562373095,84,0,1.0
6,Min Sum,Full-Contraction,1.0,1414.213562373095,70,0,1.0
6,Min Sum,Full-Contraction,1.0,1290.2019706710776,78,0,1.0
6,Min Sum,Full-Contraction,1.0,1290.2019706710776,64,0,1.0
6,Min Sum,Full-Contraction,1.0,1217.008732545826,73,0,1.0
6,Min Sum,Full-Contraction,1.0,1185.8413792983192,73,0,1.0
6,Min Sum,Full-Contraction,1.0,1468.6840917729382,78,0,1.0
6,Min Sum,Full-Contraction,1.0,1468.6840917729382,78,0,1.0
6,Min Sum,Full-Contraction,1.0,1414.213562373095,70,0,1.0
6,Min Sum,Full-Contraction,1.0,1414.213562373095,82,0,1.0
6,Min Sum,Full-Contraction,1.0,1290.2019706710776,78,0,1.0
6,Min Sum,Full-Contraction,1.0,1290.2019706710776,64,0,1.0
6,Min Sum,Full-Contraction,1.0,1290.2019706710776,64,0,1.0
6,Min Sum,Full-Contraction,1.0,1414.213562373095,70,0,1.0
6,Min Sum,Full-Contraction,1.0,1185.8413792983192,73,0,1.0
6,Min Sum,Full-Contraction,1.0,1414.213562373095,84,0,1.0
6,Min Sum,Full-Contraction,1.0,1131.370849898476,70,0,1.0
6,Min Sum,Full-Contraction,1.0,1468.6840917729382,73,0,1.0
6,Min Sum,Full-Contraction,1.0,1290.2019706710776,64,0,1.0
6,Min Sum,Full-Contraction,1.0,1468.6840917729382,73,0,1.0
6,Min Sum,Full-Contraction,1.0,1414.213562373095,70,0,1.0
6,Min Sum,Full-Contraction,1.0,1290.2019706710776,78,0,1.0
6,Min Sum,Full-Contraction,1.0,1468.6840917729382,73,0,1.0
6,Min Sum,Full-Contraction,1.0,1414.213562373095,70,0,1.0
6,Min Sum,Full-Contraction,1.0,1290.2019706710776,73,0,1.0
6,Min Sum,Full-Contraction,1.0,1414.213562373095,73,0,1.0
6,Min Sum,Full-Contraction,1.0,1290.2019706710776,64,0,1.0
6,Min Sum,Full-Contraction,1.0,1217.008732545826,73,0,1.0
6,Min Sum,Full-Contraction,1.0,1007.3592581964585,78,0,1.0
6,Min Sum,Full-Contraction,1.0,1217.008732545826,73,0,1.0
6,Min Sum,Full-Contraction,1.0,1468.5623371699874,73,0,1.0
6,Min Sum,Full-Contraction,1.0,1054.0925533894597,66,0,1.0
6,Min Sum,Full-Contraction,1.0,1004.8354460755403,64,0,1.0
6,Min Sum,Full-Contraction,1.0,1333.9608391554102,73,0,1.0
6,Min Sum,Full-Contraction,1.0,1147.0821179526724,65,0,1.0
6,Min Sum,Full-Contraction,1.0,1333.9608391554102,73,0,1.0
6,Min Sum,Full-Contraction,1.0,1049.1782301727987,71,0,1.0
6,Min Sum,Full-Contraction,1.0,1605.63459194306,80,0,1.0
6,Min Sum,Full-Contraction,1.0,1162.757653988404,65,0,1.0
6,Min Sum,Full-Contraction,1.0,1213.4126199508687,66,0,1.0
6,Min Sum,Full-Contraction,1.0,1106.369910180185,62,0,1.0
6,Min Sum,Full-Contraction,1.0,1147.0821179526724,64,0,1.0
6,Min Sum,Full-Contraction,1.0,1468.5623371699874,73,0,1.0
6,Min Sum,Full-Contraction,1.0,1484.9203770578715,74,0,1.0
6,Min Sum,Full-Contraction,1.0,1041.706249742353,59,0,1.0
6,Min Sum,Full-Contraction,1.0,1041.706249742353,59,0,1.0
6,Min Sum,Full-Contraction,1.0,1188.694051404037,68,0,1.0
6,Min Sum,Full-Contraction,1.0,1188.6940514040368,66,0,1.0
6,Min Sum,Full-Contraction,1.0,1162.757653988404,60,0,1.0
6,Min Sum,Full-Contraction,1.0,1333.9608391554102,73,0,1.0
6,Min Sum,Full-Contraction,1.0,1323.295549418614,66,0,1.0
6,Min Sum,Full-Contraction,1.0,1188.6940514040368,66,0,1.0
6,Min Sum,Full-Contraction,1.0,1162.757653988404,64,0,1.0
6,Min Sum,Full-Contraction,1.0,907.1047517277758,68,0,1.0
6,Min Sum,Full-Contraction,1.0,1147.0821179526724,64,0,1.0
6,Min Sum,Full-Contraction,1.0,1041.706249742353,59,0,1.0
6,Min Sum,Full-Contraction,1.0,1004.8354460755403,68,0,1.0
6,Min Sum,Full-Contraction,1.0,1333.9608391554102,73,0,1.0
6,Min Sum,Full-Contraction,1.0,1000.8019568131263,60,0,1.0
6,Min Sum,Full-Contraction,1.0,1362.4409760969284,68,0,1.0
6,Min Sum,Full-Contraction,1.0,971.7684121656077,71,0,1.0
6,Min Sum,Full-Contraction,1.0,1078.8111219362913,61,0,1.0
6,Min Sum,Full-Contraction,1.0,1041.706249742353,66,0,1.0
6,Min Sum,Full-Contraction,1.0,1025.5205253599581,71,0,1.0
6,Min Sum,Full-Contraction,1.0,1282.765213278372,71,0,1.0
6,Min Sum,Full-Contraction,1.0,1362.4409760969284,68,0,1.0
6,Min Sum,Full-Contraction,1.0,1317.2642494367096,72,0,1.0
6,Min Sum,Full-Contraction,1.0,1049.1782301727987,71,0,1.0
6,Min Sum,Full-Contraction,1.0,1106.369910180185,62,0,1.0
6,Min Sum,Full-Contraction,1.0,1106.369910180185,62,0,1.0
6,Min Sum,Full-Contraction,1.0,1302.8272434316852,65,0,1.0
6,Min Sum,Full-Contraction,1.0,1021.2379437554243,65,0,1.0
6,Min Sum,Full-Contraction,1.0,1333.9608391554102,73,0,1.0
6,Min Sum,Full-Contraction,1.0,1188.694051404037,65,0,1.0
6,Min Sum,Full-Contraction,1.0,1147.0821179526724,64,0,1.0
6,Min Sum,Full-Contraction,1.0,1106.369910180185,62,0,1.0
6,Min Sum,Full-Contraction,1.0,1102.468826749132,65,0,1.0
6,Min Sum,Full-Contraction,1.0,1000.8019568131263,60,0,1.0
6,Min Sum,Full-Contraction,1.0,1227.8394780823512,68,0,1.0
6,Min Sum,Full-Contraction,1.0,1054.0925533894597,66,0,1.0
6,Min Sum,Full-Contraction,1.0,1162.757653988404,62,0,1.0
6,Min Sum,Full-Contraction,1.0,1106.369910180185,65,0,1.0
6,Min Sum,Full-Contraction,1.0,1147.0821179526724,64,0,1.0
6,Min Sum,Full-Contraction,1.0,1213.4126199508687,61,0,1.0
6,Min Sum,Full-Contraction,1.0,1188.694051404037,64,0,1.0
6,Min Sum,Full-Contraction,1.0,1004.8354460755403,68,0,1.0
6,Min Sum,Full-Contraction,1.0,1093.791521376339,64,0,1.0
6,Min Sum,Full-Contraction,1.0,1248.5886767731067,63,0,1.0
6,Min Sum,Full-Contraction,1.0,1280.6248474865697,71,0,1.0
6,Min Sum,Full-Contraction,1.0,1052.622986305051,71,0,1.0
6,Min Sum,Full-Contraction,1.0,1140.3124237432849,71,0,1.0
6,Min Sum,Full-Contraction,1.0,1052.622986305051,71,0,1.0
6,Min Sum,Full-Contraction,1.0,1368.3234126713367,78,0,1.0
6,Min Sum,Full-Contraction,1.0,1421.3373913339503,71,0,1.0
6,Min Sum,Full-Contraction,1.0,1178.8289044567352,59,0,1.0
6,Min Sum,Full-Contraction,1.0,1446.5381985731397,72,0,1.0
6,Min Sum,Full-Contraction,1.0,1368.3234126713367,68,0,1.0
6,Min Sum,Full-Contraction,1.0,881.0249675906655,71,0,1.0
6,Min Sum,Full-Contraction,1.0,1280.6248474865697,64,0,1.0
6,Min Sum,Full-Contraction,1.0,1311.1328169932217,66,0,1.0
6,Min Sum,Full-Contraction,1.0,968.8313805762209,63,0,1.0
6,Min Sum,Full-Contraction,1.0,1248.5886767731067,63,0,1.0
6,Min Sum,Full-Contraction,1.0,1052.622986305051,64,0,1.0
6,Min Sum,Full-Contraction,1.0,1140.3124237432849,66,0,1.0
6,Min Sum,Full-Contraction,1.0,1052.622986305051,66,0,1.0
6,Min Sum,Full-Contraction,1.0,881.0249675906655,71,0,1.0
6,Min Sum,Full-Contraction,1.0,1280.6248474865697,64,0,1.0
6,Min Sum,Full-Contraction,1.0,1052.622986305051,66,0,1.0
6,Min Sum,Full-Contraction,1.0,1141.5800951370643,71,0,1.0
6,Min Sum,Full-Contraction,1.0,1140.3124237432849,64,0,1.0
6,Min Sum,Full-Contraction,1.0,881.0249675906655,71,0,1.0
6,Min Sum,Full-Contraction,1.0,1248.5886767731067,63,0,1.0
6,Min Sum,Full-Contraction,1.0,1000.8675512896838,64,0,1.0
6,Min Sum,Full-Contraction,1.0,881.0249675906655,71,0,1.0
6,Min Sum,Full-Contraction,1.0,1311.1328169932217,66,0,1.0
6,Min Sum,Full-Contraction,1.0,1311.1328169932217,66,0,1.0
6,Min Sum,Full-Contraction,1.0,1052.622986305051,72,0,1.0
6,Min Sum,Full-Contraction,1.0,1248.5886767731067,66,0,1.0
6,Min Sum,Full-Contraction,1.0,968.8313805762209,63,0,1.0
6,Min Sum,Full-Contraction,1.0,1368.3234126713367,78,0,1.0
6,Min Sum,Full-Contraction,1.0,1052.622986305051,78,0,1.0
6,Min Sum,Full-Contraction,1.0,1280.6248474865697,64,0,1.0
6,Min Sum,Full-Contraction,1.0,1311.1328169932217,79,0,1.0
6,Min Sum,Full-Contraction,1.0,1368.3234126713367,78,0,1.0
6,Min Sum,Full-Contraction,1.0,1368.3234126713367,68,0,1.0
6,Min Sum,Full-Contraction,1.0,1368.3234126713367,68,0,1.0
6,Min Sum,Full-Contraction,1.0,1248.5886767731067,66,0,1.0
6,Min Sum,Full-Contraction,1.0,1280.6248474865697,64,0,1.0
6,Min Sum,Full-Contraction,1.0,1052.622986305051,71,0,1.0
6,Min Sum,Full-Contraction,1.0,1446.5381985731397,72,0,1.0
6,Min Sum,Full-Contraction,1.0,1421.3373913339503,71,0,1.0
6,Min Sum,Full-Contraction,1.0,1340.3124237432849,67,0,1.0
6,Min Sum,Full-Contraction,1.0,1421.3373913339503,72,0,1.0
6,Min Sum,Full-Contraction,1.0,1311.1328169932217,66,0,1.0
6,Min Sum,Full-Contraction,1.0,1311.1328169932217,66,0,1.0
6,Min Sum,Full-Contraction,1.0,1178.8289044567352,59,0,1.0
6,Min Sum,Full-Contraction,1.0,1311.1328169932217,68,0,1.0
6,Min Sum,Full-Contraction,1.0,1178.8289044567352,59,0,1.0
6,Min Sum,Full-Contraction,1.0,1248.5886767731067,71,0,1.0
6,Min Sum,Full-Contraction,1.0,1140.3124237432849,64,0,1.0
6,Min Sum,Full-Contraction,1.0,1178.8289044567352,71,0,1.0
6,Min Sum,Full-Contraction,1.0,1000.8675512896838,66,0,1.0
6,Min Sum,Full-Contraction,1.0,1421.3373913339503,71,0,1.0
6,Min Sum,Full-Contraction,1.0,1405.0409535882904,70,0,1.0
6,Min Sum,Full-Contraction,1.0,1021.897354889386,55,0,1.0
6,Min Sum,Full-Contraction,1.0,1405.0409535882904,75,0,1.0
6,Min Sum,Full-Contraction,1.0,1021.897354889386,55,0,1.0
6,Min Sum,Full-Contraction,1.0,1576.2978348265735,78,0,1.0
6,Min Sum,Full-Contraction,1.0,1309.796778142315,66,0,1.0
6,Min Sum,Full-Contraction,1.0,1105.3500775913835,57,0,1.0
6,Min Sum,Full-Contraction,1.0,1497.8352345321837,75,0,1.0
6,Min Sum,Full-Contraction,1.0,1456.1476792305823,73,0,1.0
6,Min Sum,Full-Contraction,1.0,1405.0409535882904,70,0,1.0
6,Min Sum,Full-Contraction,1.0,1257.592600247818,63,0,1.0
6,Min Sum,Full-Contraction,1.0,1309.796778142315,66,0,1.0
6,Min Sum,Full-Contraction,1.0,1129.391148231528,57,0,1.0
6,Min Sum,Full-Contraction,1.0,1257.592600247818,63,0,1.0
6,Min Sum,Full-Contraction,1.0,1021.897354889386,52,0,1.0
6,Min Sum,Full-Contraction,1.0,1021.897354889386,52,0,1.0
6,Min Sum,Full-Contraction,1.0,1309.796778142315,66,0,1.0
6,Min Sum,Full-Contraction,1.0,1021.897354889386,55,0,1.0
6,Min Sum,Full-Contraction,1.0,1309.796778142315,66,0,1.0
6,Min Sum,Full-Contraction,1.0,1021.897354889386,52,0,1.0
6,Min Sum,Full-Contraction,1.0,1405.0409535882904,70,0,1.0
6,Min Sum,Full-Contraction,1.0,1129.391148231528,63,0,1.0
6,Min Sum,Full-Contraction,1.0,1405.0409535882904,70,0,1.0
6,Min Sum,Full-Contraction,1.0,1129.391148231528,57,0,1.0
6,Min Sum,Full-Contraction,1.0,1215.8637237728265,70,0,1.0
6,Min Sum,Full-Contraction,1.0,1008.8497300281037,55,0,1.0
6,Min Sum,Full-Contraction,1.0,1309.796778142315,66,0,1.0
6,Min Sum,Full-Contraction,1.0,1021.897354889386,52,0,1.0
6,Min Sum,Full-Contraction,1.0,1387.1206050111095,78,0,1.0
6,Min Sum,Full-Contraction,1.0,1248.529563190711,63,0,1.0
6,Min Sum,Full-Contraction,1.0,1034.9449797506682,52,0,1.0
6,Min Sum,Full-Contraction,1.0,1576.2978348265735,78,0,1.0
6,Min Sum,Full-Contraction,1.0,1576.2978348265735,78,0,1.0
6,Min Sum,Full-Contraction,1.0,1309.796778142315,66,0,1.0
6,Min Sum,Full-Contraction,1.0,1531.2662449250374,76,0,1.0
6,Min Sum,Full-Contraction,1.0,1576.2978348265735,78,0,1.0
6,Min Sum,Full-Contraction,1.0,1456.1476792305823,73,0,1.0
6,Min Sum,Full-Contraction,1.0,1309.796778142315,73,0,1.0
6,Min Sum,Full-Contraction,1.0,1309.796778142315,66,0,1.0
6,Min Sum,Full-Contraction,1.0,1309.796778142315,66,0,1.0
6,Min Sum,Full-Contraction,1.0,929.2204726372017,56,0,1.0
6,Min Sum,Full-Contraction,1.0,1497.8352345321837,75,0,1.0
6,Min Sum,Full-Contraction,1.0,1405.0409535882904,73,0,1.0
6,Min Sum,Full-Contraction,1.0,1266.9704494151183,73,0,1.0
6,Min Sum,Full-Contraction,1.0,1497.8352345321837,75,0,1.0
6,Min Sum,Full-Contraction,1.0,1309.796778142315,66,0,1.0
6,Min Sum,Full-Contraction,1.0,1021.897354889386,52,0,1.0
6,Min Sum,Full-Contraction,1.0,1008.8497300281037,52,0,1.0
6,Min Sum,Full-Contraction,1.0,1456.1476792305823,73,0,1.0
6,Min Sum,Full-Contraction,1.0,1257.592600247818,63,0,1.0
6,Min Sum,Full-Contraction,1.0,1405.0409535882904,70,0,1.0
6,Min Sum,Full-Contraction,1.0,1309.796778142315,66,0,1.0
6,Min Sum,Full-Contraction,1.0,1405.0409535882904,70,0,1.0
6,Min Sum,Full-Contraction,1.0,1021.897354889386,57,0,1.0
6,Min Sum,Full-Contraction,1.0,1405.0409535882904,70,0,1.0
6,Min Sum,Full-Contraction,1.0,1225.684419336347,75,0,1.0
6,Min Sum,Full-Contraction,1.0,1000.8019568131263,54,0,1.0
6,Min Sum,Full-Contraction,1.0,1225.684419336347,75,0,1.0
6,Min Sum,Full-Contraction,1.0,1147.0821179526724,58,0,1.0
6,Min Sum,Full-Contraction,1.0,1390.1680190922143,81,0,1.0
6,Min Sum,Full-Contraction,1.0,1227.8394780823512,69,0,1.0
6,Min Sum,Full-Contraction,1.0,1188.6940514040368,67,0,1.0
6,Min Sum,Full-Contraction,1.0,1054.0925533894597,59,0,1.0
6,Min Sum,Full-Contraction,1.0,828.892447965977,54,0,1.0
6,Min Sum,Full-Contraction,1.0,1273.6714870787973,75,0,1.0
6,Min Sum,Full-Contraction,1.0,1245.8329885050005,74,0,1.0
6,Min Sum,Full-Contraction,1.0,853.6110165128089,55,0,1.0
6,Min Sum,Full-Contraction,1.0,1078.8111219362913,55,0,1.0
6,Min Sum,Full-Contraction,1.0,1188.6940514040368,71,0,1.0
6,Min Sum,Full-Contraction,1.0,1333.9608391554102,69,0,1.0
6,Min Sum,Full-Contraction,1.0,1028.1561559738268,55,0,1.0
6,Min Sum,Full-Contraction,1.0,1225.684419336347,75,0,1.0
6,Min Sum,Full-Contraction,1.0,1108.7607337319275,67,0,1.0
6,Min Sum,Full-Contraction,1.0,1188.6940514040368,67,0,1.0
6,Min Sum,Full-Contraction,1.0,853.6110165128089,55,0,1.0
6,Min Sum,Full-Contraction,1.0,1139.5477872345584,71,0,1.0
6,Min Sum,Full-Contraction,1.0,1054.0925533894597,54,0,1.0
6,Min Sum,Full-Contraction,1.0,853.6110165128089,55,0,1.0
6,Min Sum,Full-Contraction,1.0,1139.5477872345584,71,0,1.0
6,Min Sum,Full-Contraction,1.0,1225.684419336347,75,0,1.0
6,Min Sum,Full-Contraction,1.0,1028.1561559738268,53,0,1.0
6,Min Sum,Full-Contraction,1.0,1333.9608391554102,71,0,1.0
6,Min Sum,Full-Contraction,1.0,921.8820125291898,59,0,1.0
6,Min Sum,Full-Contraction,1.0,1028.1561559738268,60,0,1.0
6,Min Sum,Full-Contraction,1.0,1188.6940514040368,67,0,1.0
6,Min Sum,Full-Contraction,1.0,1147.0821179526724,60,0,1.0
6,Min Sum,Full-Contraction,1.0,1147.0821179526724,60,0,1.0
6,Min Sum,Full-Contraction,1.0,1139.5477872345584,71,0,1.0
6,Min Sum,Full-Contraction,1.0,1246.6140481921598,63,0,1.0
6,Min Sum,Full-Contraction,1.0,1147.0821179526724,58,0,1.0
6,Min Sum,Full-Contraction,1.0,907.1047517277758,59,0,1.0
6,Min Sum,Full-Contraction,1.0,907.1047517277758,59,0,1.0
6,Min Sum,Full-Contraction,1.0,1028.1561559738268,69,0,1.0
6,Min Sum,Full-Contraction,1.0,1093.1709909964084,69,0,1.0
6,Min Sum,Full-Contraction,1.0,1225.684419336347,75,0,1.0
6,Min Sum,Full-Contraction,1.0,963.4939459805541,62,0,1.0
6,Min Sum,Full-Contraction,1.0,1054.0925533894597,54,0,1.0
6,Min Sum,Full-Contraction,1.0,907.1047517277758,59,0,1.0
6,Min Sum,Full-Contraction,1.0,1054.0925533894597,54,0,1.0
6,Min Sum,Full-Contraction,1.0,870.2339480609631,53,0,1.0
6,Min Sum,Full-Contraction,1.0,1333.9608391554102,71,0,1.0
6,Min Sum,Full-Contraction,1.0,1333.9608391554102,69,0,1.0
6,Min Sum,Full-Contraction,1.0,1078.8111219362913,55,0,1.0
6,Min Sum,Full-Contraction,1.0,1093.1709909964084,69,0,1.0
6,Min Sum,Full-Contraction,1.0,1054.0925533894597,55,0,1.0
6,Min Sum,Full-Contraction,1.0,1078.8111219362913,60,0,1.0
6,Min Sum,Full-Contraction,1.0,1054.0925533894597,62,0,1.0
6,Min Sum,Full-Contraction,1.0,1333.9608391554102,71,0,1.0
6,Min Sum,Full-Contraction,1.0,870.2339480609631,54,0,1.0
6,Min Sum,Full-Contraction,1.0,1539.1947067406618,78,0,1.0
6,Min Sum,Full-Contraction,1.0,1103.5296904831232,56,0,1.0
6,Min Sum,Full-Contraction,1.0,1498.8715925022802,82,0,1.0
6,Min Sum,Full-Contraction,1.0,1039.710958643869,69,0,1.0
6,Min Sum,Full-Contraction,1.0,1168.225745417108,60,0,1.0
6,Min Sum,Full-Contraction,1.0,1206.513493207442,78,0,1.0
6,Min Sum,Full-Contraction,1.0,1307.483781825204,76,0,1.0
6,Min Sum,Full-Contraction,1.0,1300.2071770109435,73,0,1.0
6,Min Sum,Full-Contraction,1.0,967.5259634777236,67,0,1.0
6,Min Sum,Full-Contraction,1.0,1227.8394780823512,69,0,1.0
6,Min Sum,Full-Contraction,1.0,1171.800686499504,60,0,1.0
6,Min Sum,Full-Contraction,1.0,1171.800686499504,67,0,1.0
6,Min Sum,Full-Contraction,1.0,1054.09255338946,55,0,1.0
6,Min Sum,Full-Contraction,1.0,1028.1561559738268,54,0,1.0
6,Min Sum,Full-Contraction,1.0,1307.483781825204,69,0,1.0
6,Min Sum,Full-Contraction,1.0,870.2339480609634,56,0,1.0
6,Min Sum,Full-Contraction,1.0,1125.118773619812,69,0,1.0
6,Min Sum,Full-Contraction,1.0,1052.8747245206584,55,0,1.0
6,Min Sum,Full-Contraction,1.0,1217.148185787646,73,0,1.0
6,Min Sum,Full-Contraction,1.0,967.5259634777236,67,0,1.0
6,Min Sum,Full-Contraction,1.0,1109.6670776779088,73,0,1.0
6,Min Sum,Full-Contraction,1.0,1171.800686499504,60,0,1.0
6,Min Sum,Full-Contraction,1.0,1442.3482912111288,73,0,1.0
6,Min Sum,Full-Contraction,1.0,1028.1561559738268,56,0,1.0
6,Min Sum,Full-Contraction,1.0,1307.483781825204,69,0,1.0
6,Min Sum,Full-Contraction,1.0,1028.1561559738268,54,0,1.0
6,Min Sum,Full-Contraction,1.0,1615.3681245156972,82,0,1.0
6,Min Sum,Full-Contraction,1.0,1168.225745417108,66,0,1.0
6,Min Sum,Full-Contraction,1.0,1028.1561559738268,55,0,1.0
6,Min Sum,Full-Contraction,1.0,1498.8715925022802,82,0,1.0
6,Min Sum,Full-Contraction,1.0,1498.8715925022802,82,0,1.0
6,Min Sum,Full-Contraction,1.0,1125.118773619812,69,0,1.0
6,Min Sum,Full-Contraction,1.0,1307.483781825204,79,0,1.0
6,Min Sum,Full-Contraction,1.0,1498.8715925022802,82,0,1.0
6,Min Sum,Full-Contraction,1.0,1166.1903789690602,76,0,1.0
6,Min Sum,Full-Contraction,1.0,1166.1903789690602,76,0,1.0
6,Min Sum,Full-Contraction,1.0,1171.800686499504,69,0,1.0
6,Min Sum,Full-Contraction,1.0,1017.6376655100747,69,0,1.0
6,Min Sum,Full-Contraction,1.0,1147.0821179526724,59,0,1.0
6,Min Sum,Full-Contraction,1.0,1206.513493207442,78,0,1.0
6,Min Sum,Full-Contraction,1.0,1498.8715925022802,76,0,1.0
6,Min Sum,Full-Contraction,1.0,1192.9443139639397,76,0,1.0
6,Min Sum,Full-Contraction,1.0,1498.8715925022802,78,0,1.0
6,Min Sum,Full-Contraction,1.0,1350.3188790432946,69,0,1.0
6,Min Sum,Full-Contraction,1.0,1028.1561559738268,54,0,1.0
6,Min Sum,Full-Contraction,1.0,1000.8019568131265,54,0,1.0
6,Min Sum,Full-Contraction,1.0,1307.483781825204,76,0,1.0
6,Min Sum,Full-Contraction,1.0,1025.5205253599581,67,0,1.0
6,Min Sum,Full-Contraction,1.0,1300.2071770109435,73,0,1.0
6,Min Sum,Full-Contraction,1.0,1147.0821179526724,69,0,1.0
6,Min Sum,Full-Contraction,1.0,1109.6670776779088,73,0,1.0
6,Min Sum,Full-Contraction,1.0,1168.225745417108,60,0,1.0
6,Min Sum,Full-Contraction,1.0,1217.148185787646,73,0,1.0
6,Min Sum,Full-Contraction,1.0,1252.74737444691,73,0,1.0
6,Min Sum,Full-Contraction,1.0,971.7684121656075,52,0,1.0
6,Min Sum,Full-Contraction,1.0,1525.4641947641135,82,0,1.0
6,Min Sum,Full-Contraction,1.0,1182.5869228434995,69,0,1.0
6,Min Sum,Full-Contraction,1.0,1243.8047437733198,69,0,1.0
6,Min Sum,Full-Contraction,1.0,1043.9808727538548,59,0,1.0
6,Min Sum,Full-Contraction,1.0,698.5812389996746,47,0,1.0
6,Min Sum,Full-Contraction,1.0,1406.7247469358213,77,0,1.0
6,Min Sum,Full-Contraction,1.0,1381.3484381927294,75,0,1.0
6,Min Sum,Full-Contraction,1.0,963.2235126241759,55,0,1.0
6,Min Sum,Full-Contraction,1.0,963.2235126241759,55,0,1.0
6,Min Sum,Full-Contraction,1.0,1272.94271676499,70,0,1.0
6,Min Sum,Full-Contraction,1.0,1267.9947378194422,69,0,1.0
6,Min Sum,Full-Contraction,1.0,984.3671400886117,56,0,1.0
6,Min Sum,Full-Contraction,1.0,1252.74737444691,73,0,1.0
6,Min Sum,Full-Contraction,1.0,1243.8047437733198,69,0,1.0
6,Min Sum,Full-Contraction,1.0,1098.9066079498757,65,0,1.0
6,Min Sum,Full-Contraction,1.0,984.3671400886117,56,0,1.0
6,Min Sum,Full-Contraction,1.0,1272.94271676499,70,0,1.0
6,Min Sum,Full-Contraction,1.0,853.8141551514427,47,0,1.0
6,Min Sum,Full-Contraction,1.0,963.2235126241759,55,0,1.0
6,Min Sum,Full-Contraction,1.0,1272.94271676499,70,0,1.0
6,Min Sum,Full-Contraction,1.0,1252.74737444691,73,0,1.0
6,Min Sum,Full-Contraction,1.0,889.4442709417555,48,0,1.0
6,Min Sum,Full-Contraction,1.0,1267.9947378194422,70,0,1.0
6,Min Sum,Full-Contraction,1.0,1043.9808727538548,59,0,1.0
6,Min Sum,Full-Contraction,1.0,915.5068782381038,57,0,1.0
6,Min Sum,Full-Contraction,1.0,1243.8047437733198,69,0,1.0
6,Min Sum,Full-Contraction,1.0,971.7684121656075,57,0,1.0
6,Min Sum,Full-Contraction,1.0,971.7684121656075,57,0,1.0
6,Min Sum,Full-Contraction,1.0,1315.0129871737836,72,0,1.0
6,Min Sum,Full-Contraction,1.0,1085.9016041932557,56,0,1.0
6,Min Sum,Full-Contraction,1.0,971.7684121656075,52,0,1.0
6,Min Sum,Full-Contraction,1.0,1043.9808727538548,59,0,1.0
6,Min Sum,Full-Contraction,1.0,1043.9808727538548,59,0,1.0
6,Min Sum,Full-Contraction,1.0,1258.489685882632,69,0,1.0
6,Min Sum,Full-Contraction,1.0,1243.8047437733198,69,0,1.0
6,Min Sum,Full-Contraction,1.0,1252.74737444691,73,0,1.0
6,Min Sum,Full-Contraction,1.0,1133.4056441082134,63,0,1.0
6,Min Sum,Full-Contraction,1.0,889.4442709417555,48,0,1.0
6,Min Sum,Full-Contraction,1.0,1043.9808727538548,59,0,1.0
6,Min Sum,Full-Contraction,1.0,824.7806105039238,47,0,1.0
6,Min Sum,Full-Contraction,1.0,889.4442709417555,48,0,1.0
6,Min Sum,Full-Contraction,1.0,1267.9947378194422,70,0,1.0
6,Min Sum,Full-Contraction,1.0,1243.8047437733198,69,0,1.0
6,Min Sum,Full-Contraction,1.0,984.3671400886117,56,0,1.0
6,Min Sum,Full-Contraction,1.0,1243.8047437733198,69,0,1.0
6,Min Sum,Full-Contraction,1.0,889.4442709417555,51,0,1.0
6,Min Sum,Full-Contraction,1.0,1098.9066079498757,62,0,1.0
6,Min Sum,Full-Contraction,1.0,1133.4056441082134,63,0,1.0
6,Min Sum,Full-Contraction,1.0,1267.9947378194422,70,0,1.0
6,Min Sum,Full-Contraction,1.0,1049.178230172799,53,0,1.0
6,Min Sum,Full-Contraction,1.0,1225.492011617906,81,0,1.0
6,Min Sum,Full-Contraction,1.0,1266.5459916834752,69,0,1.0
6,Min Sum,Full-Contraction,1.0,1129.391148231528,60,0,1.0
6,Min Sum,Full-Contraction,1.0,1147.0294113235161,78,0,1.0
6,Min Sum,Full-Contraction,1.0,1297.7237399820435,76,0,1.0
6,Min Sum,Full-Contraction,1.0,1054.235130379623,73,0,1.0
6,Min Sum,Full-Contraction,1.0,1084.1391565420008,66,0,1.0
6,Min Sum,Full-Contraction,1.0,1220.6399268663004,69,0,1.0
6,Min Sum,Full-Contraction,1.0,1167.5918792439982,60,0,1.0
6,Min Sum,Full-Contraction,1.0,1167.5918792439982,66,0,1.0
6,Min Sum,Full-Contraction,1.0,1034.9449797506682,55,0,1.0
6,Min Sum,Full-Contraction,1.0,1071.0915316807186,55,0,1.0
6,Min Sum,Full-Contraction,1.0,1297.7237399820435,69,0,1.0
6,Min Sum,Full-Contraction,1.0,1133.3333333333333,58,0,1.0
6,Min Sum,Full-Contraction,1.0,1099.6424368434102,69,0,1.0
6,Min Sum,Full-Contraction,1.0,1071.0915316807186,55,0,1.0
6,Min Sum,Full-Contraction,1.0,1194.886612289386,73,0,1.0
6,Min Sum,Full-Contraction,1.0,968.0531526264099,66,0,1.0
6,Min Sum,Full-Contraction,1.0,1054.235130379623,73,0,1.0
6,Min Sum,Full-Contraction,1.0,1167.5918792439982,60,0,1.0
6,Min Sum,Full-Contraction,1.0,1405.0409535882904,73,0,1.0
6,Min Sum,Full-Contraction,1.0,1133.3333333333333,58,0,1.0
6,Min Sum,Full-Contraction,1.0,1297.7237399820435,69,0,1.0
6,Min Sum,Full-Contraction,1.0,1071.0915316807186,55,0,1.0
6,Min Sum,Full-Contraction,1.0,1576.2978348265735,81,0,1.0
6,Min Sum,Full-Contraction,1.0,1129.391148231528,66,0,1.0
6,Min Sum,Full-Contraction,1.0,1021.897354889386,55,0,1.0
6,Min Sum,Full-Contraction,1.0,1225.492011617906,81,0,1.0
6,Min Sum,Full-Contraction,1.0,1225.492011617906,81,0,1.0
6,Min Sum,Full-Contraction,1.0,968.0531526264099,69,0,1.0
6,Min Sum,Full-Contraction,1.0,1297.7237399820435,79,0,1.0
6,Min Sum,Full-Contraction,1.0,1225.492011617906,81,0,1.0
6,Min Sum,Full-Contraction,1.0,1105.3418560219147,76,0,1.0
6,Min Sum,Full-Contraction,1.0,1105.3418560219147,76,0,1.0
6,Min Sum,Full-Contraction,1.0,1167.5918792439982,69,0,1.0
6,Min Sum,Full-Contraction,1.0,958.9909549336473,69,0,1.0
6,Min Sum,Full-Contraction,1.0,1133.3333333333333,59,0,1.0
6,Min Sum,Full-Contraction,1.0,1147.0294113235161,78,0,1.0
6,Min Sum,Full-Contraction,1.0,1454.2351303796231,76,0,1.0
6,Min Sum,Full-Contraction,1.0,1105.3418560219147,76,0,1.0
6,Min Sum,Full-Contraction,1.0,1194.886612289386,78,0,1.0
6,Min Sum,Full-Contraction,1.0,1297.7237399820435,69,0,1.0
6,Min Sum,Full-Contraction,1.0,1071.0915316807186,55,0,1.0
6,Min Sum,Full-Contraction,1.0,873.9848152430961,55,0,1.0
6,Min Sum,Full-Contraction,1.0,1297.7237399820435,76,0,1.0
6,Min Sum,Full-Contraction,1.0,906.7867770391505,66,0,1.0
6,Min Sum,Full-Contraction,1.0,1257.592600247818,73,0,1.0
6,Min Sum,Full-Contraction,1.0,1118.3977024526657,69,0,1.0
6,Min Sum,Full-Contraction,1.0,1054.235130379623,73,0,1.0
6,Min Sum,Full-Contraction,1.0,1129.391148231528,60,0,1.0
6,Min Sum,Full-Contraction,1.0,1194.886612289386,73,0,1.0
6,Min Sum,Full-Contraction,1.0,1766.1451011973031,88,0,1.0
6,Min Sum,Full-Contraction,1.0,1135.3551080706327,68,0,1.0
6,Min Sum,Full-Contraction,1.0,1483.8390051958181,74,0,1.0
6,Min Sum,Full-Contraction,1.0,1155.0398991902166,58,0,1.0
6,Min Sum,Full-Contraction,1.0,782.32166598916,53,0,1.0
6,Min Sum,Full-Contraction,1.0,1624.9592921012586,81,0,1.0
6,Min Sum,Full-Contraction,1.0,1365.3830961096905,82,0,1.0
6,Min Sum,Full-Contraction,1.0,913.5960117559916,61,0,1.0
6,Min Sum,Full-Contraction,1.0,913.5960117559916,61,0,1.0
6,Min Sum,Full-Contraction,1.0,1342.8159448143856,69,0,1.0
6,Min Sum,Full-Contraction,1.0,1483.8390051958181,74,0,1.0
6,Min Sum,Full-Contraction,1.0,991.2252043635449,64,0,1.0
6,Min Sum,Full-Contraction,1.0,1365.3830961096905,69,0,1.0
6,Min Sum,Full-Contraction,1.0,1483.8390051958181,74,0,1.0
6,Min Sum,Full-Contraction,1.0,1365.3830961096905,69,0,1.0
6,Min Sum,Full-Contraction,1.0,991.2252043635449,64,0,1.0
6,Min Sum,Full-Contraction,1.0,1335.163083671119,67,0,1.0
6,Min Sum,Full-Contraction,1.0,782.32166598916,53,0,1.0
6,Min Sum,Full-Contraction,1.0,1201.9461464387814,61,0,1.0
6,Min Sum,Full-Contraction,1.0,1150.8524982452152,67,0,1.0
6,Min Sum,Full-Contraction,1.0,1365.3830961096905,74,0,1.0
6,Min Sum,Full-Contraction,1.0,943.2527552040881,56,0,1.0
6,Min Sum,Full-Contraction,1.0,1483.8390051958181,74,0,1.0
6,Min Sum,Full-Contraction,1.0,1208.673743182262,66,0,1.0
6,Min Sum,Full-Contraction,1.0,989.6048230038907,53,0,1.0
6,Min Sum,Full-Contraction,1.0,1483.8390051958181,74,0,1.0
6,Min Sum,Full-Contraction,1.0,989.6048230038907,51,0,1.0
6,Min Sum,Full-Contraction,1.0,989.6048230038907,51,0,1.0
6,Min Sum,Full-Contraction,1.0,1483.8390051958181,75,0,1.0
6,Min Sum,Full-Contraction,1.0,860.2675374823049,53,0,1.0
6,Min Sum,Full-Contraction,1.0,935.7112565078799,48,0,1.0
6,Min Sum,Full-Contraction,1.0,1155.0398991902166,58,0,1.0
6,Min Sum,Full-Contraction,1.0,1155.0398991902166,58,0,1.0
6,Min Sum,Full-Contraction,1.0,1408.8952424868135,71,0,1.0
6,Min Sum,Full-Contraction,1.0,1350.4024479121883,68,0,1.0
6,Min Sum,Full-Contraction,1.0,1365.3830961096905,69,0,1.0
6,Min Sum,Full-Contraction,1.0,1342.8159448143856,69,0,1.0
6,Min Sum,Full-Contraction,1.0,943.2527552040881,56,0,1.0
6,Min Sum,Full-Contraction,1.0,1155.0398991902166,58,0,1.0
6,Min Sum,Full-Contraction,1.0,921.2379785451215,53,0,1.0
6,Min Sum,Full-Contraction,1.0,954.8196361357311,56,0,1.0
6,Min Sum,Full-Contraction,1.0,1483.8390051958181,74,0,1.0
6,Min Sum,Full-Contraction,1.0,1483.8390051958181,74,0,1.0
6,Min Sum,Full-Contraction,1.0,991.2252043635449,64,0,1.0
6,Min Sum,Full-Contraction,1.0,1350.4024479121883,68,0,1.0
6,Min Sum,Full-Contraction,1.0,822.1938220117615,53,0,1.0
6,Min Sum,Full-Contraction,1.0,1365.3830961096905,69,0,1.0
6,Min Sum,Full-Contraction,1.0,1342.8159448143856,68,0,1.0
6,Min Sum,Full-Contraction,1.0,1155.0398991902166,67,0,1.0
6,Min Sum,Full-Contraction,1.0,957.6799955664003,63,0,1.0
6,Min Sum,Full-Contraction,1.0,1023.3345472033855,64,0,1.0
6,Min Sum,Full-Contraction,1.0,1567.3393078908102,78,0,1.0
6,Min Sum,Full-Contraction,1.0,1468.6840917729382,73,0,1.0
6,Min Sum,Full-Contraction,1.0,1023.3345472033855,78,0,1.0
6,Min Sum,Full-Contraction,1.0,1290.2019706710776,64,0,1.0
6,Min Sum,Full-Contraction,1.0,1414.213562373095,70,0,1.0
6,Min Sum,Full-Contraction,1.0,1131.370849898476,70,0,1.0
6,Min Sum,Full-Contraction,1.0,1414.213562373095,70,0,1.0
6,Min Sum,Full-Contraction,1.0,1023.3345472033855,70,0,1.0
6,Min Sum,Full-Contraction,1.0,1290.2019706710776,73,0,1.0
6,Min Sum,Full-Contraction,1.0,1468.6840917729382,73,0,1.0
6,Min Sum,Full-Contraction,1.0,1290.2019706710776,78,0,1.0
6,Min Sum,Full-Contraction,1.0,1414.213562373095,70,0,1.0
6,Min Sum,Full-Contraction,1.0,1217.008732545826,73,0,1.0
6,Min Sum,Full-Contraction,1.0,1290.2019706710776,78,0,1.0
6,Min Sum,Full-Contraction,1.0,1023.3345472033855,70,0,1.0
6,Min Sum,Full-Contraction,1.0,1023.3345472033855,78,0,1.0
6,Min Sum,Full-Contraction,1.0,1414.213562373095,70,0,1.0
6,Min Sum,Full-Contraction,1.0,1131.370849898476,70,0,1.0
6,Min Sum,Full-Contraction,1.0,1290.2019706710776,78,0,1.0
6,Min Sum,Full-Contraction,1.0,1468.6840917729382,73,0,1.0
6,Min Sum,Full-Contraction,1.0,1468.6840917729382,73,0,1.0
6,Min Sum,Full-Contraction,1.0,1468.6840917729382,73,0,1.0
6,Min Sum,Full-Contraction,1.0,1414.213562373095,73,0,1.0
6,Min Sum,Full-Contraction,1.0,1131.370849898476,70,0,1.0
6,Min Sum,Full-Contraction,1.0,1468.6840917729382,84,0,1.0
6,Min Sum,Full-Contraction,1.0,1217.008732545826,84,0,1.0
6,Min Sum,Full-Contraction,1.0,1131.370849898476,70,0,1.0
6,Min Sum,Full-Contraction,1.0,1468.6840917729382,86,0,1.0
6,Min Sum,Full-Contraction,1.0,1468.6840917729382,84,0,1.0
6,Min Sum,Full-Contraction,1.0,1468.6840917729382,73,0,1.0
6,Min Sum,Full-Contraction,1.0,1468.6840917729382,73,0,1.0
6,Min Sum,Full-Contraction,1.0,1414.213562373095,73,0,1.0
6,Min Sum,Full-Contraction,1.0,1414.213562373095,70,0,1.0
6,Min Sum,Full-Contraction,1.0,1290.2019706710776,78,0,1.0
6,Min Sum,Full-Contraction,1.0,1567.3393078908102,78,0,1.0
6,Min Sum,Full-Contraction,1.0,1567.3393078908102,78,0,1.0
6,Min Sum,Full-Contraction,1.0,1414.213562373095,70,0,1.0
6,Min Sum,Full-Contraction,1.0,1567.3393078908102,78,0,1.0
6,Min Sum,Full-Contraction,1.0,1468.6840917729382,73,0,1.0
6,Min Sum,Full-Contraction,1.0,1468.6840917729382,73,0,1.0
6,Min Sum,Full-Contraction,1.0,1007.3592581964585,64,0,1.0
6,Min Sum,Full-Contraction,1.0,1468.6840917729382,73,0,1.0
6,Min Sum,Full-Contraction,1.0,1290.2019706710776,64,0,1.0
6,Min Sum,Full-Contraction,1.0,1414.213562373095,78,0,1.0
6,Min Sum,Full-Contraction,1.0,1217.008732545826,70,0,1.0
6,Min Sum,Full-Contraction,1.0,1290.2019706710776,78,0,1.0
6,Min Sum,Full-Contraction,1.0,1185.8413792983192,73,0,1.0
6,Min Sum,Full-Contraction,1.0,1290.2019706710776,78,0,1.0
6,Min Sum,Full-Contraction,1.0,1403.5464628131617,71,0,1.0
6,Min Sum,Full-Contraction,1.0,1329.6632749559485,67,0,1.0
6,Min Sum,Full-Contraction,1.0,1359.948198742431,68,0,1.0
6,Min Sum,Full-Contraction,1.0,1139.2281669500235,58,0,1.0
6,Min Sum,Full-Contraction,1.0,1231.6705714542263,62,0,1.0
6,Min Sum,Full-Contraction,1.0,1139.2281669500235,58,0,1.0
6,Min Sum,Full-Contraction,1.0,1139.2281669500235,58,0,1.0
6,Min Sum,Full-Contraction,1.0,1002.2597058777235,53,0,1.0
6,Min Sum,Full-Contraction,1.0,1119.1756993857541,57,0,1.0
6,Min Sum,Full-Contraction,1.0,1231.6705714542263,62,0,1.0
6,Min Sum,Full-Contraction,1.0,1196.0962225761423,61,0,1.0
6,Min Sum,Full-Contraction,1.0,1231.6705714542263,62,0,1.0
6,Min Sum,Full-Contraction,1.0,1089.5095838264601,57,0,1.0
6,Min Sum,Full-Contraction,1.0,1359.948198742431,68,0,1.0
6,Min Sum,Full-Contraction,1.0,1139.2281669500235,58,0,1.0
6,Min Sum,Full-Contraction,1.0,1359.948198742431,68,0,1.0
6,Min Sum,Full-Contraction,1.0,1139.2281669500235,58,0,1.0
6,Min Sum,Full-Contraction,1.0,1196.096222576142,61,0,1.0
6,Min Sum,Full-Contraction,1.0,1196.0962225761423,61,0,1.0
6,Min Sum,Full-Contraction,1.0,1231.6705714542265,62,0,1.0
6,Min Sum,Full-Contraction,1.0,1119.1756993857541,57,0,1.0
6,Min Sum,Full-Contraction,1.0,1374.7129614893147,69,0,1.0
6,Min Sum,Full-Contraction,1.0,1231.6705714542265,62,0,1.0
6,Min Sum,Full-Contraction,1.0,1098.4895289208189,56,0,1.0
6,Min Sum,Full-Contraction,1.0,1510.9675071133092,76,0,1.0
6,Min Sum,Full-Contraction,1.0,1510.9675071133092,76,0,1.0
6,Min Sum,Full-Contraction,1.0,1231.6705714542263,62,0,1.0
6,Min Sum,Full-Contraction,1.0,1510.9675071133092,76,0,1.0
6,Min Sum,Full-Contraction,1.0,1510.9675071133092,76,0,1.0
6,Min Sum,Full-Contraction,1.0,1329.6632749559485,67,0,1.0
6,Min Sum,Full-Contraction,1.0,1329.6632749559485,67,0,1.0
6,Min Sum,Full-Contraction,1.0,1231.6705714542265,62,0,1.0
6,Min Sum,Full-Contraction,1.0,1231.6705714542263,62,0,1.0
6,Min Sum,Full-Contraction,1.0,1196.0962225761423,61,0,1.0
6,Min Sum,Full-Contraction,1.0,1403.5464628131617,71,0,1.0
6,Min Sum,Full-Contraction,1.0,1359.948198742431,68,0,1.0
6,Min Sum,Full-Contraction,1.0,1298.2793427859242,66,0,1.0
6,Min Sum,Full-Contraction,1.0,1403.5464628131617,71,0,1.0
6,Min Sum,Full-Contraction,1.0,1231.6705714542265,62,0,1.0
6,Min Sum,Full-Contraction,1.0,1119.1756993857541,57,0,1.0
6,Min Sum,Full-Contraction,1.0,928.5592184789414,48,0,1.0
6,Min Sum,Full-Contraction,1.0,1329.6632749559485,67,0,1.0
6,Min Sum,Full-Contraction,1.0,1077.1054862678118,58,0,1.0
6,Min Sum,Full-Contraction,1.0,1359.9481987424308,68,0,1.0
6,Min Sum,Full-Contraction,1.0,1231.6705714542263,62,0,1.0
6,Min Sum,Full-Contraction,1.0,1359.948198742431,68,0,1.0
6,Min Sum,Full-Contraction,1.0,1119.1756993857541,57,0,1.0
6,Min Sum,Full-Contraction,1.0,1359.9481987424308,68,0,1.0
6,Min Sum,Full-Contraction,1.0,1250.6094842894395,68,0,1.0
6,Min Sum,Full-Contraction,1.0,1161.2035197319847,71,0,1.0
6,Min Sum,Full-Contraction,1.0,1376.2387692181987,73,0,1.0
6,Min Sum,Full-Contraction,1.0,1331.9822858927087,71,0,1.0
6,Min Sum,Full-Contraction,1.0,1075.5114331649659,68,0,1.0
6,Min Sum,Full-Contraction,1.0,1161.2035197319847,68,0,1.0
6,Min Sum,Full-Contraction,1.0,1442.2205101855957,76,0,1.0
6,Min Sum,Full-Contraction,1.0,1367.885635245546,76,0,1.0
6,Min Sum,Full-Contraction,1.0,1075.5114331649659,68,0,1.0
6,Min Sum,Full-Contraction,1.0,1132.39695252523,82,0,1.0
6,Min Sum,Full-Contraction,1.0,1238.7200501925477,64,0,1.0
6,Min Sum,Full-Contraction,1.0,1003.2313674722316,76,0,1.0
6,Min Sum,Full-Contraction,1.0,1161.2035197319847,71,0,1.0
6,Min Sum,Full-Contraction,1.0,1442.2205101855957,76,0,1.0
6,Min Sum,Full-Contraction,1.0,1414.9998909381497,71,0,1.0
6,Min Sum,Full-Contraction,1.0,1161.2035197319847,68,0,1.0
6,Min Sum,Full-Contraction,1.0,1442.2205101855957,76,0,1.0
6,Min Sum,Full-Contraction,1.0,1133.3333333333333,82,0,1.0
6,Min Sum,Full-Contraction,1.0,1358.0677648279957,68,0,1.0
6,Min Sum,Full-Contraction,1.0,1201.850425154663,76,0,1.0
6,Min Sum,Full-Contraction,1.0,1167.5918792439982,64,0,1.0
6,Min Sum,Full-Contraction,1.0,1075.5114331649659,71,0,1.0
6,Min Sum,Full-Contraction,1.0,1132.4435592751202,71,0,1.0
6,Min Sum,Full-Contraction,1.0,1414.9998909381497,76,0,1.0
6,Min Sum,Full-Contraction,1.0,1414.9998909381497,76,0,1.0
6,Min Sum,Full-Contraction,1.0,1313.5104901250634,70,0,1.0
6,Min Sum,Full-Contraction,1.0,1318.5075854395834,80,0,1.0
6,Min Sum,Full-Contraction,1.0,1517.2761509561062,76,0,1.0
6,Min Sum,Full-Contraction,1.0,1238.7200501925477,63,0,1.0
6,Min Sum,Full-Contraction,1.0,1250.6094842894395,63,0,1.0
6,Min Sum,Full-Contraction,1.0,1304.0926495682977,69,0,1.0
6,Min Sum,Full-Contraction,1.0,1349.9987143854726,71,0,1.0
6,Min Sum,Full-Contraction,1.0,1367.885635245546,82,0,1.0
6,Min Sum,Full-Contraction,1.0,1367.885635245546,68,0,1.0
6,Min Sum,Full-Contraction,1.0,1414.9998909381497,71,0,1.0
6,Min Sum,Full-Contraction,1.0,1167.5918792439982,63,0,1.0
6,Min Sum,Full-Contraction,1.0,1414.9998909381497,71,0,1.0
6,Min Sum,Full-Contraction,1.0,1075.5114331649659,68,0,1.0
6,Min Sum,Full-Contraction,1.0,1442.2205101855957,76,0,1.0
6,Min Sum,Full-Contraction,1.0,1349.9987143854726,71,0,1.0
6,Min Sum,Full-Contraction,1.0,1358.0677648279957,68,0,1.0
6,Min Sum,Full-Contraction,1.0,1349.9987143854726,71,0,1.0
6,Min Sum,Full-Contraction,1.0,1161.2035197319847,71,0,1.0
6,Min Sum,Full-Contraction,1.0,1238.7200501925477,62,0,1.0
6,Min Sum,Full-Contraction,1.0,1132.4435592751202,71,0,1.0
6,Min Sum,Full-Contraction,1.0,1007.9619642749308,76,0,1.0
6,Min Sum,Full-Contraction,1.0,1132.4435592751202,71,0,1.0
6,Min Sum,Full-Contraction,1.0,1146.7927337432725,58,0,1.0
6,Min Sum,Full-Contraction,1.0,1601.5310619869153,80,0,1.0
6,Min Sum,Full-Contraction,1.0,1656.5504694633453,82,0,1.0
6,Min Sum,Full-Contraction,1.0,1146.7927337432725,61,0,1.0
6,Min Sum,Full-Contraction,1.0,1146.7927337432725,61,0,1.0
6,Min Sum,Full-Contraction,1.0,1392.9168552452034,70,0,1.0
6,Min Sum,Full-Contraction,1.0,1243.3981132056604,74,0,1.0
6,Min Sum,Full-Contraction,1.0,1344.7422555433054,67,0,1.0
6,Min Sum,Full-Contraction,1.0,1392.9168552452034,70,0,1.0
6,Min Sum,Full-Contraction,1.0,1344.7422555433054,74,0,1.0
6,Min Sum,Full-Contraction,1.0,1392.9168552452034,70,0,1.0
6,Min Sum,Full-Contraction,1.0,1344.7422555433054,67,0,1.0
6,Min Sum,Full-Contraction,1.0,1238.5164807134504,62,0,1.0
6,Min Sum,Full-Contraction,1.0,1146.7927337432725,58,0,1.0
6,Min Sum,Full-Contraction,1.0,1146.7927337432725,61,0,1.0
6,Min Sum,Full-Contraction,1.0,1392.9168552452034,70,0,1.0
6,Min Sum,Full-Contraction,1.0,1481.9145939191108,74,0,1.0
6,Min Sum,Full-Contraction,1.0,1146.7927337432725,58,0,1.0
6,Min Sum,Full-Contraction,1.0,1243.3981132056604,74,0,1.0
6,Min Sum,Full-Contraction,1.0,1481.9145939191108,74,0,1.0
6,Min Sum,Full-Contraction,1.0,1146.7927337432725,58,0,1.0
6,Min Sum,Full-Contraction,1.0,1481.9145939191108,74,0,1.0
6,Min Sum,Full-Contraction,1.0,1077.0329614269008,54,0,1.0
6,Min Sum,Full-Contraction,1.0,1077.0329614269008,54,0,1.0
6,Min Sum,Full-Contraction,1.0,1460.4709264427393,74,0,1.0
6,Min Sum,Full-Contraction,1.0,908.276253029822,58,0,1.0
6,Min Sum,Full-Contraction,1.0,1077.0329614269008,54,0,1.0
6,Min Sum,Full-Contraction,1.0,1077.0329614269008,54,0,1.0
6,Min Sum,Full-Contraction,1.0,1077.0329614269008,54,0,1.0
6,Min Sum,Full-Contraction,1.0,1344.7422555433054,67,0,1.0
6,Min Sum,Full-Contraction,1.0,1266.5274696415022,63,0,1.0
6,Min Sum,Full-Contraction,1.0,1344.7422555433054,67,0,1.0
6,Min Sum,Full-Contraction,1.0,1392.9168552452034,70,0,1.0
6,Min Sum,Full-Contraction,1.0,1146.7927337432725,58,0,1.0
6,Min Sum,Full-Contraction,1.0,1178.8289044567352,59,0,1.0
6,Min Sum,Full-Contraction,1.0,1146.7927337432725,58,0,1.0
6,Min Sum,Full-Contraction,1.0,1209.3368739633875,61,0,1.0
6,Min Sum,Full-Contraction,1.0,1243.3981132056604,74,0,1.0
6,Min Sum,Full-Contraction,1.0,1481.9145939191108,74,0,1.0
6,Min Sum,Full-Contraction,1.0,1344.7422555433054,67,0,1.0
6,Min Sum,Full-Contraction,1.0,1266.5274696415022,63,0,1.0
6,Min Sum,Full-Contraction,1.0,1146.7927337432725,58,0,1.0
6,Min Sum,Full-Contraction,1.0,1344.7422555433054,70,0,1.0
6,Min Sum,Full-Contraction,1.0,1319.5414483041159,66,0,1.0
6,Min Sum,Full-Contraction,1.0,1238.5164807134504,62,0,1.0
6,Min Sum,Full-Contraction,1.0,1392.9168552452034,70,0,1.0
6,Min Sum,Full-Contraction,1.0,1240.7044005204048,73,0,1.0
6,Min Sum,Full-Contraction,1.0,1340.205457767349,72,0,1.0
6,Min Sum,Full-Contraction,1.0,802.9690090668789,52,0,1.0
6,Min Sum,Full-Contraction,1.0,802.9690090668789,52,0,1.0
6,Min Sum,Full-Contraction,1.0,1069.834103657633,66,0,1.0
6,Min Sum,Full-Contraction,1.0,1217.3808124816956,65,0,1.0
6,Min Sum,Full-Contraction,1.0,967.5918792439984,54,0,1.0
6,Min Sum,Full-Contraction,1.0,1112.5816886070195,69,0,1.0
6,Min Sum,Full-Contraction,1.0,1085.6362160728852,65,0,1.0
6,Min Sum,Full-Contraction,1.0,1060.2884015561604,61,0,1.0
6,Min Sum,Full-Contraction,1.0,967.5918792439984,54,0,1.0
6,Min Sum,Full-Contraction,1.0,1036.0920843432739,66,0,1.0
6,Min Sum,Full-Contraction,1.0,954.5214042184234,48,0,1.0
6,Min Sum,Full-Contraction,1.0,802.9690090668789,52,0,1.0
6,Min Sum,Full-Contraction,1.0,1093.6749891968884,66,0,1.0
6,Min Sum,Full-Contraction,1.0,1191.9612268759965,69,0,1.0
6,Min Sum,Full-Contraction,1.0,910.594035442545,46,0,1.0
6,Min Sum,Full-Contraction,1.0,1217.3808124816956,66,0,1.0
6,Min Sum,Full-Contraction,1.0,1060.2884015561604,59,0,1.0
6,Min Sum,Full-Contraction,1.0,823.0602004318043,54,0,1.0
6,Min Sum,Full-Contraction,1.0,1085.6362160728852,65,0,1.0
6,Min Sum,Full-Contraction,1.0,1066.9875692076828,54,0,1.0
6,Min Sum,Full-Contraction,1.0,1066.9875692076828,54,0,1.0
6,Min Sum,Full-Contraction,1.0,1191.9612268759965,68,0,1.0
6,Min Sum,Full-Contraction,1.0,1141.4226636149208,57,0,1.0
6,Min Sum,Full-Contraction,1.0,1066.9875692076828,54,0,1.0
6,Min Sum,Full-Contraction,1.0,878.6471880689548,54,0,1.0
6,Min Sum,Full-Contraction,1.0,803.6839635872722,54,0,1.0
6,Min Sum,Full-Contraction,1.0,1077.5183673389727,65,0,1.0
6,Min Sum,Full-Contraction,1.0,1003.4528943075616,64,0,1.0
6,Min Sum,Full-Contraction,1.0,1112.5816886070195,69,0,1.0
6,Min Sum,Full-Contraction,1.0,1060.2884015561604,59,0,1.0
6,Min Sum,Full-Contraction,1.0,784.5788506856412,48,0,1.0
6,Min Sum,Full-Contraction,1.0,803.6839635872722,54,0,1.0
6,Min Sum,Full-Contraction,1.0,940.3421684242052,48,0,1.0
6,Min Sum,Full-Contraction,1.0,784.5788506856412,46,0,1.0
6,Min Sum,Full-Contraction,1.0,1217.3808124816956,66,0,1.0
6,Min Sum,Full-Contraction,1.0,1191.9612268759965,65,0,1.0
6,Min Sum,Full-Contraction,1.0,967.5918792439984,54,0,1.0
6,Min Sum,Full-Contraction,1.0,1003.4528943075616,64,0,1.0
6,Min Sum,Full-Contraction,1.0,954.5214042184234,48,0,1.0
6,Min Sum,Full-Contraction,1.0,1060.2884015561604,59,0,1.0
6,Min Sum,Full-Contraction,1.0,963.5090928545214,59,0,1.0
6,Min Sum,Full-Contraction,1.0,1217.3808124816956,66,0,1.0
6,Min Sum,Full-Contraction,1.0,967.5918792439984,54,0,1.0
6,Min Sum,Full-Contraction,1.0,1362.4409760969284,68,0,1.0
6,Min Sum,Full-Contraction,1.0,1049.1782301727987,62,0,1.0
6,Min Sum,Full-Contraction,1.0,1049.1782301727987,62,0,1.0
6,Min Sum,Full-Contraction,1.0,1106.369910180185,64,0,1.0
6,Min Sum,Full-Contraction,1.0,1188.694051404037,65,0,1.0
6,Min Sum,Full-Contraction,1.0,1168.225745417108,65,0,1.0
6,Min Sum,Full-Contraction,1.0,947.5113602367929,71,0,1.0
6,Min Sum,Full-Contraction,1.0,915.5068782381039,64,0,1.0
6,Min Sum,Full-Contraction,1.0,1106.369910180185,65,0,1.0
6,Min Sum,Full-Contraction,1.0,1106.369910180185,71,0,1.0
6,Min Sum,Full-Contraction,1.0,1000.8019568131263,64,0,1.0
6,Min Sum,Full-Contraction,1.0,950.0839997451521,71,0,1.0
6,Min Sum,Full-Contraction,1.0,1049.1782301727987,62,0,1.0
6,Min Sum,Full-Contraction,1.0,1188.6940514040368,66,0,1.0
6,Min Sum,Full-Contraction,1.0,947.5113602367929,71,0,1.0
6,Min Sum,Full-Contraction,1.0,1147.0821179526724,65,0,1.0
6,Min Sum,Full-Contraction,1.0,1188.694051404037,65,0,1.0
6,Min Sum,Full-Contraction,1.0,1350.3188790432944,74,0,1.0
6,Min Sum,Full-Contraction,1.0,1102.468826749132,65,0,1.0
6,Min Sum,Full-Contraction,1.0,1188.694051404037,62,0,1.0
6,Min Sum,Full-Contraction,1.0,1374.3727525254828,78,0,1.0
6,Min Sum,Full-Contraction,1.0,1094.9821355685963,78,0,1.0
6,Min Sum,Full-Contraction,1.0,1213.4126199508687,64,0,1.0
6,Min Sum,Full-Contraction,1.0,1168.225745417108,78,0,1.0
6,Min Sum,Full-Contraction,1.0,1374.3727525254828,78,0,1.0
6,Min Sum,Full-Contraction,1.0,1246.6140481921598,69,0,1.0
6,Min Sum,Full-Contraction,1.0,1246.6140481921598,69,0,1.0
6,Min Sum,Full-Contraction,1.0,1162.757653988404,65,0,1.0
6,Min Sum,Full-Contraction,1.0,1188.6940514040368,64,0,1.0
6,Min Sum,Full-Contraction,1.0,1106.369910180185,71,0,1.0
6,Min Sum,Full-Contraction,1.0,1317.2642494367096,72,0,1.0
6,Min Sum,Full-Contraction,1.0,1282.765213278372,71,0,1.0
6,Min Sum,Full-Contraction,1.0,1227.839478082351,68,0,1.0
6,Min Sum,Full-Contraction,1.0,1282.765213278372,72,0,1.0
6,Min Sum,Full-Contraction,1.0,1168.225745417108,65,0,1.0
6,Min Sum,Full-Contraction,1.0,1188.694051404037,65,0,1.0
6,Min Sum,Full-Contraction,1.0,947.5113602367929,60,0,1.0
6,Min Sum,Full-Contraction,1.0,1168.225745417108,69,0,1.0
6,Min Sum,Full-Contraction,1.0,1188.6940514040368,60,0,1.0
6,Min Sum,Full-Contraction,1.0,1102.468826749132,71,0,1.0
6,Min Sum,Full-Contraction,1.0,1106.369910180185,64,0,1.0
6,Min Sum,Full-Contraction,1.0,1229.4746167020387,71,0,1.0
6,Min Sum,Full-Contraction,1.0,853.8141551514425,65,0,1.0
6,Min Sum,Full-Contraction,1.0,1282.765213278372,71,0,1.0
6,Min Sum,Full-Contraction,1.0,1304.0926495682977,69,0,1.0
6,Min Sum,Full-Contraction,1.0,1304.0926495682977,69,0,1.0
6,Min Sum,Full-Contraction,1.0,1238.7200501925477,76,0,1.0
6,Min Sum,Full-Contraction,1.0,1442.2205101855957,76,0,1.0
6,Min Sum,Full-Contraction,1.0,1161.0394124501888,70,0,1.0
6,Min Sum,Full-Contraction,1.0,1132.39695252523,82,0,1.0
6,Min Sum,Full-Contraction,1.0,1238.7200501925477,64,0,1.0
6,Min Sum,Full-Contraction,1.0,1442.2205101855957,76,0,1.0
6,Min Sum,Full-Contraction,1.0,1376.2387692181987,73,0,1.0
6,Min Sum,Full-Contraction,1.0,1003.2313674722316,76,0,1.0
6,Min Sum,Full-Contraction,1.0,1118.3977024526657,73,0,1.0
6,Min Sum,Full-Contraction,1.0,1304.0926495682977,69,0,1.0
6,Min Sum,Full-Contraction,1.0,1003.2313674722316,76,0,1.0
6,Min Sum,Full-Contraction,1.0,1132.39695252523,82,0,1.0
6,Min Sum,Full-Contraction,1.0,1201.850425154663,70,0,1.0
6,Min Sum,Full-Contraction,1.0,1442.2205101855957,76,0,1.0
6,Min Sum,Full-Contraction,1.0,1238.7200501925477,65,0,1.0
6,Min Sum,Full-Contraction,1.0,1197.527636710598,71,0,1.0
6,Min Sum,Full-Contraction,1.0,1197.527636710598,71,0,1.0
6,Min Sum,Full-Contraction,1.0,1197.527636710598,78,0,1.0
6,Min Sum,Full-Contraction,1.0,1197.527636710598,78,0,1.0
6,Min Sum,Full-Contraction,1.0,1358.0677648279957,68,0,1.0
6,Min Sum,Full-Contraction,1.0,1560.6705491698629,82,0,1.0
6,Min Sum,Full-Contraction,1.0,1480.9504647402705,78,0,1.0
6,Min Sum,Full-Contraction,1.0,1238.7200501925477,65,0,1.0
6,Min Sum,Full-Contraction,1.0,1238.7200501925477,65,0,1.0
6,Min Sum,Full-Contraction,1.0,1358.0677648279957,70,0,1.0
6,Min Sum,Full-Contraction,1.0,1201.850425154663,71,0,1.0
6,Min Sum,Full-Contraction,1.0,1132.39695252523,82,0,1.0
6,Min Sum,Full-Contraction,1.0,1331.9822858927087,71,0,1.0
6,Min Sum,Full-Contraction,1.0,1223.7676915433242,73,0,1.0
6,Min Sum,Full-Contraction,1.0,1238.7200501925477,63,0,1.0
6,Min Sum,Full-Contraction,1.0,1223.7676915433242,73,0,1.0
6,Min Sum,Full-Contraction,1.0,1201.850425154663,70,0,1.0
6,Min Sum,Full-Contraction,1.0,1442.2205101855957,76,0,1.0
6,Min Sum,Full-Contraction,1.0,1238.7200501925477,71,0,1.0
6,Min Sum,Full-Contraction,1.0,1201.850425154663,70,0,1.0
6,Min Sum,Full-Contraction,1.0,1238.7200501925477,71,0,1.0
6,Min Sum,Full-Contraction,1.0,1151.6215718934232,73,0,1.0
6,Min Sum,Full-Contraction,1.0,1201.850425154663,64,0,1.0
6,Min Sum,Full-Contraction,1.0,1376.2387692181987,73,0,1.0
6,Min Sum,Full-Contraction,1.0,1442.2205101855957,76,0,1.0
6,Min Sum,Full-Contraction,1.0,1132.39695252523,73,0,1.0
6,Min Sum,Full-Contraction,1.0,782.3216659891602,48,0,1.0
6,Min Sum,Full-Contraction,1.0,917.1374939231289,58,0,1.0
6,Min Sum,Full-Contraction,1.0,1104.6880674053668,58,0,1.0
6,Min Sum,Full-Contraction,1.0,963.3912531645569,51,0,1.0
6,Min Sum,Full-Contraction,1.0,1254.5505430010032,63,0,1.0
6,Min Sum,Full-Contraction,1.0,1022.1801249736397,58,0,1.0
6,Min Sum,Full-Contraction,1.0,1104.6880674053668,56,0,1.0
6,Min Sum,Full-Contraction,1.0,941.2591719205034,54,0,1.0
6,Min Sum,Full-Contraction,1.0,906.287176186137,58,0,1.0
6,Min Sum,Full-Contraction,1.0,907.9491648940487,54,0,1.0
6,Min Sum,Full-Contraction,1.0,935.7112565078801,48,0,1.0
6,Min Sum,Full-Contraction,1.0,1054.1014484893767,58,0,1.0
6,Min Sum,Full-Contraction,1.0,1254.5505430010032,63,0,1.0
6,Min Sum,Full-Contraction,1.0,963.3912531645569,49,0,1.0
6,Min Sum,Full-Contraction,1.0,1022.1801249736397,58,0,1.0
6,Min Sum,Full-Contraction,1.0,991.611976576345,63,0,1.0
6,Min Sum,Full-Contraction,1.0,989.604823003891,51,0,1.0
6,Min Sum,Full-Contraction,1.0,1022.1801249736397,58,0,1.0
6,Min Sum,Full-Contraction,1.0,1201.9461464387814,61,0,1.0
6,Min Sum,Full-Contraction,1.0,1048.5565559200616,61,0,1.0
6,Min Sum,Full-Contraction,1.0,1122.5822056439197,60,0,1.0
6,Min Sum,Full-Contraction,1.0,1075.3135184361088,62,0,1.0
6,Min Sum,Full-Contraction,1.0,1048.5565559200616,61,0,1.0
6,Min Sum,Full-Contraction,1.0,921.2379785451215,53,0,1.0
6,Min Sum,Full-Contraction,1.0,845.3167351233203,53,0,1.0
6,Min Sum,Full-Contraction,1.0,1054.1014484893767,57,0,1.0
6,Min Sum,Full-Contraction,1.0,1043.7176263425501,56,0,1.0
6,Min Sum,Full-Contraction,1.0,1254.5505430010032,63,0,1.0
6,Min Sum,Full-Contraction,1.0,940.7425120037515,56,0,1.0
6,Min Sum,Full-Contraction,1.0,1061.3387554127685,54,0,1.0
6,Min Sum,Full-Contraction,1.0,845.3167351233203,53,0,1.0
6,Min Sum,Full-Contraction,1.0,1061.3387554127685,56,0,1.0
6,Min Sum,Full-Contraction,1.0,963.3912531645569,49,0,1.0
6,Min Sum,Full-Contraction,1.0,1155.039899190217,58,0,1.0
6,Min Sum,Full-Contraction,1.0,1022.1801249736397,58,0,1.0
6,Min Sum,Full-Contraction,1.0,921.2379785451215,53,0,1.0
6,Min Sum,Full-Contraction,1.0,1043.7176263425501,56,0,1.0
6,Min Sum,Full-Contraction,1.0,907.9491648940487,54,0,1.0
6,Min Sum,Full-Contraction,1.0,921.2379785451215,53,0,1.0
6,Min Sum,Full-Contraction,1.0,953.5925027530143,54,0,1.0
6,Min Sum,Full-Contraction,1.0,1155.039899190217,58,0,1.0
6,Min Sum,Full-Contraction,1.0,1061.3387554127685,57,0,1.0
6,Min Sum,Full-Contraction,1.0,1226.3342039173529,61,0,1.0
6,Min Sum,Full-Contraction,1.0,1161.203519731985,61,0,1.0
6,Min Sum,Full-Contraction,1.0,991.0814881057805,52,0,1.0
6,Min Sum,Full-Contraction,1.0,1318.555999717476,66,0,1.0
6,Min Sum,Full-Contraction,1.0,1079.0672902790618,61,0,1.0
6,Min Sum,Full-Contraction,1.0,1161.203519731985,58,0,1.0
6,Min Sum,Full-Contraction,1.0,991.0814881057805,52,0,1.0
6,Min Sum,Full-Contraction,1.0,1226.3342039173529,61,0,1.0
6,Min Sum,Full-Contraction,1.0,839.5773574136924,52,0,1.0
6,Min Sum,Full-Contraction,1.0,954.5214042184236,48,0,1.0
6,Min Sum,Full-Contraction,1.0,1226.3342039173529,61,0,1.0
6,Min Sum,Full-Contraction,1.0,1318.555999717476,66,0,1.0
6,Min Sum,Full-Contraction,1.0,954.5214042184236,48,0,1.0
6,Min Sum,Full-Contraction,1.0,1197.527636710598,61,0,1.0
6,Min Sum,Full-Contraction,1.0,952.8789999165089,61,0,1.0
6,Min Sum,Full-Contraction,1.0,1032.0379346789864,52,0,1.0
6,Min Sum,Full-Contraction,1.0,1079.0672902790618,61,0,1.0
6,Min Sum,Full-Contraction,1.0,1032.0379346789864,58,0,1.0
6,Min Sum,Full-Contraction,1.0,1032.0379346789864,58,0,1.0
6,Min Sum,Full-Contraction,1.0,1223.767691543324,63,0,1.0
6,Min Sum,Full-Contraction,1.0,1208.317775424589,61,0,1.0
6,Min Sum,Full-Contraction,1.0,991.2609661992026,58,0,1.0
6,Min Sum,Full-Contraction,1.0,952.8789999165089,50,0,1.0
6,Min Sum,Full-Contraction,1.0,952.8789999165089,50,0,1.0
6,Min Sum,Full-Contraction,1.0,1161.0394124501886,60,0,1.0
6,Min Sum,Full-Contraction,1.0,1151.6215718934232,59,0,1.0
6,Min Sum,Full-Contraction,1.0,1318.555999717476,66,0,1.0
6,Min Sum,Full-Contraction,1.0,1049.3793474797885,55,0,1.0
6,Min Sum,Full-Contraction,1.0,1032.0379346789864,52,0,1.0
6,Min Sum,Full-Contraction,1.0,952.8789999165089,50,0,1.0
6,Min Sum,Full-Contraction,1.0,1032.0379346789864,53,0,1.0
6,Min Sum,Full-Contraction,1.0,954.5214042184236,48,0,1.0
6,Min Sum,Full-Contraction,1.0,1226.3342039173529,61,0,1.0
6,Min Sum,Full-Contraction,1.0,1151.6215718934232,61,0,1.0
6,Min Sum,Full-Contraction,1.0,991.0814881057805,52,0,1.0
6,Min Sum,Full-Contraction,1.0,1151.6215718934232,59,0,1.0
6,Min Sum,Full-Contraction,1.0,1032.0379346789864,52,0,1.0
6,Min Sum,Full-Contraction,1.0,1060.3727932586507,55,0,1.0
6,Min Sum,Full-Contraction,1.0,1049.3793474797885,54,0,1.0
6,Min Sum,Full-Contraction,1.0,1226.3342039173529,61,0,1.0
6,Min Sum,Full-Contraction,1.0,1032.0379346789864,55,0,1.0
6,Min Sum,Full-Contraction,1.0,889.4442709417557,53,0,1.0
6,Min Sum,Full-Contraction,1.0,1098.9066079498755,63,0,1.0
6,Min Sum,Full-Contraction,1.0,1114.9351488407747,56,0,1.0
6,Min Sum,Full-Contraction,1.0,1133.405644108213,63,0,1.0
6,Min Sum,Full-Contraction,1.0,1049.1782301727987,53,0,1.0
6,Min Sum,Full-Contraction,1.0,1243.8047437733196,69,0,1.0
6,Min Sum,Full-Contraction,1.0,1062.7554428636633,60,0,1.0
6,Min Sum,Full-Contraction,1.0,1243.8047437733196,69,0,1.0
6,Min Sum,Full-Contraction,1.0,1114.9351488407747,56,0,1.0
6,Min Sum,Full-Contraction,1.0,1267.9947378194424,65,0,1.0
6,Min Sum,Full-Contraction,1.0,1114.9351488407747,56,0,1.0
6,Min Sum,Full-Contraction,1.0,1229.4746167020387,63,0,1.0
6,Min Sum,Full-Contraction,1.0,1049.1782301727987,53,0,1.0
6,Min Sum,Full-Contraction,1.0,1443.610406388991,73,0,1.0
6,Min Sum,Full-Contraction,1.0,1098.9066079498755,62,0,1.0
6,Min Sum,Full-Contraction,1.0,889.4442709417557,53,0,1.0
6,Min Sum,Full-Contraction,1.0,1406.7247469358213,77,0,1.0
6,Min Sum,Full-Contraction,1.0,1406.7247469358213,77,0,1.0
6,Min Sum,Full-Contraction,1.0,1133.405644108213,63,0,1.0
6,Min Sum,Full-Contraction,1.0,1381.3484381927292,75,0,1.0
6,Min Sum,Full-Contraction,1.0,1406.7247469358213,77,0,1.0
6,Min Sum,Full-Contraction,1.0,1258.4896858826319,69,0,1.0
6,Min Sum,Full-Contraction,1.0,1258.4896858826319,69,0,1.0
6,Min Sum,Full-Contraction,1.0,1133.405644108213,63,0,1.0
6,Min Sum,Full-Contraction,1.0,1133.405644108213,63,0,1.0
6,Min Sum,Full-Contraction,1.0,1114.9351488407747,56,0,1.0
6,Min Sum,Full-Contraction,1.0,1315.0129871737834,72,0,1.0
6,Min Sum,Full-Contraction,1.0,1258.4896858826319,69,0,1.0
6,Min Sum,Full-Contraction,1.0,1243.8047437733198,69,0,1.0
6,Min Sum,Full-Contraction,1.0,1315.0129871737834,72,0,1.0
6,Min Sum,Full-Contraction,1.0,1098.9066079498755,63,0,1.0
6,Min Sum,Full-Contraction,1.0,1049.1782301727987,53,0,1.0
6,Min Sum,Full-Contraction,1.0,889.4442709417557,47,0,1.0
6,Min Sum,Full-Contraction,1.0,1258.4896858826319,69,0,1.0
6,Min Sum,Full-Contraction,1.0,963.2235126241758,60,0,1.0
6,Min Sum,Full-Contraction,1.0,1243.8047437733196,69,0,1.0
6,Min Sum,Full-Contraction,1.0,1000.8019568131263,63,0,1.0
6,Min Sum,Full-Contraction,1.0,1243.8047437733196,69,0,1.0
6,Min Sum,Full-Contraction,1.0,947.5113602367929,53,0,1.0
6,Min Sum,Full-Contraction,1.0,1243.8047437733196,69,0,1.0
6,Min Sum,Full-Contraction,1.0,1281.0249675906655,69,0,1.0
6,Min Sum,Full-Contraction,1.0,1038.5164807134504,53,0,1.0
6,Min Sum,Full-Contraction,1.0,1154.4003745317532,69,0,1.0
6,Min Sum,Full-Contraction,1.0,1038.5164807134504,53,0,1.0
6,Min Sum,Full-Contraction,1.0,1443.3981132056604,73,0,1.0
6,Min Sum,Full-Contraction,1.0,1170.8203932499368,66,0,1.0
6,Min Sum,Full-Contraction,1.0,1443.3981132056604,73,0,1.0
6,Min Sum,Full-Contraction,1.0,1140.3124237432849,60,0,1.0
6,Min Sum,Full-Contraction,1.0,1303.9532407520592,73,0,1.0
6,Min Sum,Full-Contraction,1.0,1038.5164807134504,53,0,1.0
6,Min Sum,Full-Contraction,1.0,1281.0249675906655,69,0,1.0
6,Min Sum,Full-Contraction,1.0,1000.0,52,0,1.0
6,Min Sum,Full-Contraction,1.0,1478.589116296294,81,0,1.0
6,Min Sum,Full-Contraction,1.0,1281.0249675906655,65,0,1.0
6,Min Sum,Full-Contraction,1.0,1038.5164807134504,53,0,1.0
6,Min Sum,Full-Contraction,1.0,1618.033988749895,81,0,1.0
6,Min Sum,Full-Contraction,1.0,1618.033988749895,81,0,1.0
6,Min Sum,Full-Contraction,1.0,1154.4003745317532,69,0,1.0
6,Min Sum,Full-Contraction,1.0,1563.014581273465,79,0,1.0
6,Min Sum,Full-Contraction,1.0,1618.033988749895,81,0,1.0
6,Min Sum,Full-Contraction,1.0,1365.542689658488,76,0,1.0
6,Min Sum,Full-Contraction,1.0,1365.542689658488,76,0,1.0
6,Min Sum,Full-Contraction,1.0,1281.0249675906655,69,0,1.0
6,Min Sum,Full-Contraction,1.0,1154.4003745317532,69,0,1.0
6,Min Sum,Full-Contraction,1.0,1038.5164807134504,58,0,1.0
6,Min Sum,Full-Contraction,1.0,1344.030650891055,78,0,1.0
6,Min Sum,Full-Contraction,1.0,1443.3981132056604,76,0,1.0
6,Min Sum,Full-Contraction,1.0,1365.542689658488,76,0,1.0
6,Min Sum,Full-Contraction,1.0,1443.3981132056604,78,0,1.0
6,Min Sum,Full-Contraction,1.0,1281.0249675906655,69,0,1.0
6,Min Sum,Full-Contraction,1.0,1000.0,52,0,1.0
6,Min Sum,Full-Contraction,1.0,1000.0,52,0,1.0
6,Min Sum,Full-Contraction,1.0,1365.542689658488,76,0,1.0
6,Min Sum,Full-Contraction,1.0,1170.8203932499368,66,0,1.0
6,Min Sum,Full-Contraction,1.0,1443.3981132056604,73,0,1.0
6,Min Sum,Full-Contraction,1.0,1170.8203932499368,69,0,1.0
6,Min Sum,Full-Contraction,1.0,1443.3981132056604,73,0,1.0
6,Min Sum,Full-Contraction,1.0,1031.3755207963359,60,0,1.0
6,Min Sum,Full-Contraction,1.0,1443.3981132056604,73,0,1.0
6,Min Sum,Full-Contraction,1.0,1472.9351950866471,76,0,1.0
6,Min Sum,Full-Contraction,1.0,1358.6794077022419,68,0,1.0
6,Min Sum,Full-Contraction,1.0,1308.0244417397773,68,0,1.0
6,Min Sum,Full-Contraction,1.0,1103.5296904831232,56,0,1.0
6,Min Sum,Full-Contraction,1.0,1386.7985629848586,72,0,1.0
6,Min Sum,Full-Contraction,1.0,1028.1561559738268,55,0,1.0
6,Min Sum,Full-Contraction,1.0,1078.8111219362916,56,0,1.0
6,Min Sum,Full-Contraction,1.0,1386.7985629848586,72,0,1.0
6,Min Sum,Full-Contraction,1.0,1472.9351950866471,76,0,1.0
6,Min Sum,Full-Contraction,1.0,1002.2197585581939,54,0,1.0
6,Min Sum,Full-Contraction,1.0,1150.1022338269136,72,0,1.0
6,Min Sum,Full-Contraction,1.0,921.8820125291898,60,0,1.0
6,Min Sum,Full-Contraction,1.0,1162.757653988404,61,0,1.0
6,Min Sum,Full-Contraction,1.0,1201.9030806667183,68,0,1.0
6,Min Sum,Full-Contraction,1.0,963.2235126241758,61,0,1.0
6,Min Sum,Full-Contraction,1.0,963.2235126241758,61,0,1.0
6,Min Sum,Full-Contraction,1.0,1437.453528947323,72,0,1.0
6,Min Sum,Full-Contraction,1.0,1220.6776507765271,64,0,1.0
6,Min Sum,Full-Contraction,1.0,870.2339480609633,59,0,1.0
6,Min Sum,Full-Contraction,1.0,1028.156155973827,60,0,1.0
6,Min Sum,Full-Contraction,1.0,881.1683543121429,60,0,1.0
6,Min Sum,Full-Contraction,1.0,1391.076732709173,70,0,1.0
6,Min Sum,Full-Contraction,1.0,1043.9808727538548,70,0,1.0
6,Min Sum,Full-Contraction,1.0,1472.9351950866471,76,0,1.0
6,Min Sum,Full-Contraction,1.0,1252.558046629183,63,0,1.0
6,Min Sum,Full-Contraction,1.0,1028.1561559738268,55,0,1.0
6,Min Sum,Full-Contraction,1.0,870.2339480609633,60,0,1.0
6,Min Sum,Full-Contraction,1.0,1028.1561559738268,55,0,1.0
6,Min Sum,Full-Contraction,1.0,1002.2197585581939,54,0,1.0
6,Min Sum,Full-Contraction,1.0,1386.7985629848586,72,0,1.0
6,Min Sum,Full-Contraction,1.0,1201.9030806667183,70,0,1.0
6,Min Sum,Full-Contraction,1.0,853.6110165128089,56,0,1.0
6,Min Sum,Full-Contraction,1.0,1192.9443139639397,70,0,1.0
6,Min Sum,Full-Contraction,1.0,1052.8747245206587,56,0,1.0
6,Min Sum,Full-Contraction,1.0,1213.4126199508687,61,0,1.0
6,Min Sum,Full-Contraction,1.0,1252.558046629183,63,0,1.0
6,Min Sum,Full-Contraction,1.0,1150.1022338269136,72,0,1.0
6,Min Sum,Full-Contraction,1.0,1078.8111219362913,55,0,1.0
6,Min Sum,Full-Contraction,1.0,1059.352333375247,67,0,1.0
6,Min Sum,Full-Contraction,1.0,1118.3977024526657,56,0,1.0
6,Min Sum,Full-Contraction,1.0,1161.6285933932036,72,0,1.0
6,Min Sum,Full-Contraction,1.0,958.9250720491407,64,0,1.0
6,Min Sum,Full-Contraction,1.0,1118.1334581772512,72,0,1.0
6,Min Sum,Full-Contraction,1.0,1167.5918792439982,59,0,1.0
6,Min Sum,Full-Contraction,1.0,1118.1334581772512,72,0,1.0
6,Min Sum,Full-Contraction,1.0,1201.850425154663,60,0,1.0
6,Min Sum,Full-Contraction,1.0,1284.8680302001046,67,0,1.0
6,Min Sum,Full-Contraction,1.0,1049.3793474797885,56,0,1.0
6,Min Sum,Full-Contraction,1.0,1285.3555261641602,80,0,1.0
6,Min Sum,Full-Contraction,1.0,1105.3500775913835,64,0,1.0
6,Min Sum,Full-Contraction,1.0,929.2204726372017,56,0,1.0
6,Min Sum,Full-Contraction,1.0,1285.3555261641602,80,0,1.0
6,Min Sum,Full-Contraction,1.0,1285.3555261641602,80,0,1.0
6,Min Sum,Full-Contraction,1.0,1049.3793474797885,67,0,1.0
6,Min Sum,Full-Contraction,1.0,1284.8680302001046,78,0,1.0
6,Min Sum,Full-Contraction,1.0,1285.3555261641602,80,0,1.0
6,Min Sum,Full-Contraction,1.0,1157.2169467307447,73,0,1.0
6,Min Sum,Full-Contraction,1.0,1157.2169467307447,73,0,1.0
6,Min Sum,Full-Contraction,1.0,1015.8571981592947,67,0,1.0
6,Min Sum,Full-Contraction,1.0,1015.8571981592947,67,0,1.0
6,Min Sum,Full-Contraction,1.0,1201.850425154663,60,0,1.0
6,Min Sum,Full-Contraction,1.0,1037.3061419953067,76,0,1.0
6,Min Sum,Full-Contraction,1.0,1178.5498122192748,73,0,1.0
6,Min Sum,Full-Contraction,1.0,1157.2169467307447,73,0,1.0
6,Min Sum,Full-Contraction,1.0,1201.9212243237582,76,0,1.0
6,Min Sum,Full-Contraction,1.0,1284.8680302001046,67,0,1.0
6,Min Sum,Full-Contraction,1.0,1118.3977024526657,56,0,1.0
6,Min Sum,Full-Contraction,1.0,929.2204726372017,56,0,1.0
6,Min Sum,Full-Contraction,1.0,1284.8680302001046,73,0,1.0
6,Min Sum,Full-Contraction,1.0,1002.3116985370748,64,0,1.0
6,Min Sum,Full-Contraction,1.0,1167.5918792439982,72,0,1.0
6,Min Sum,Full-Contraction,1.0,1078.1859146865434,67,0,1.0
6,Min Sum,Full-Contraction,1.0,1118.1334581772512,72,0,1.0
6,Min Sum,Full-Contraction,1.0,1049.3793474797885,58,0,1.0
6,Min Sum,Full-Contraction,1.0,1235.4819383294289,72,0,1.0
6,Min Sum,Full-Contraction,1.0,1122.354504210453,70,0,1.0
6,Min Sum,Full-Contraction,1.0,1392.096549798899,70,0,1.0
6,Min Sum,Full-Contraction,1.0,841.0515403909271,69,0,1.0
6,Min Sum,Full-Contraction,1.0,1122.354504210453,70,0,1.0
6,Min Sum,Full-Contraction,1.0,1281.3029638195258,65,0,1.0
6,Min Sum,Full-Contraction,1.0,947.9696304861925,69,0,1.0
6,Min Sum,Full-Contraction,1.0,1229.2725943057183,76,0,1.0
6,Min Sum,Full-Contraction,1.0,1310.656731080229,66,0,1.0
6,Min Sum,Full-Contraction,1.0,1392.096549798899,70,0,1.0
6,Min Sum,Full-Contraction,1.0,1122.354504210453,65,0,1.0
6,Min Sum,Full-Contraction,1.0,1310.656731080229,66,0,1.0
6,Min Sum,Full-Contraction,1.0,1029.3537672607033,66,0,1.0
6,Min Sum,Full-Contraction,1.0,1271.2268172725994,76,0,1.0
6,Min Sum,Full-Contraction,1.0,1310.656731080229,76,0,1.0
6,Min Sum,Full-Contraction,1.0,1229.2725943057183,62,0,1.0
6,Min Sum,Full-Contraction,1.0,1310.656731080229,78,0,1.0
6,Min Sum,Full-Contraction,1.0,1511.544566957773,76,0,1.0
6,Min Sum,Full-Contraction,1.0,1122.354504210453,64,0,1.0
6,Min Sum,Full-Contraction,1.0,1271.2268172725994,64,0,1.0
6,Min Sum,Full-Contraction,1.0,1281.3029638195258,66,0,1.0
6,Min Sum,Full-Contraction,1.0,1229.2725943057183,64,0,1.0
6,Min Sum,Full-Contraction,1.0,1229.2725943057183,76,0,1.0
6,Min Sum,Full-Contraction,1.0,1374.753247218951,69,0,1.0
6,Min Sum,Full-Contraction,1.0,1392.096549798899,70,0,1.0
6,Min Sum,Full-Contraction,1.0,1095.3764672147245,61,0,1.0
6,Min Sum,Full-Contraction,1.0,1374.753247218951,70,0,1.0
6,Min Sum,Full-Contraction,1.0,1310.656731080229,66,0,1.0
6,Min Sum,Full-Contraction,1.0,1392.096549798899,70,0,1.0
6,Min Sum,Full-Contraction,1.0,1177.2738318468505,64,0,1.0
6,Min Sum,Full-Contraction,1.0,1310.656731080229,66,0,1.0
6,Min Sum,Full-Contraction,1.0,1177.2738318468505,64,0,1.0
6,Min Sum,Full-Contraction,1.0,1281.3029638195258,70,0,1.0
6,Min Sum,Full-Contraction,1.0,1229.2725943057183,62,0,1.0
6,Min Sum,Full-Contraction,1.0,1122.354504210453,70,0,1.0
6,Min Sum,Full-Contraction,1.0,1000.4870350970245,70,0,1.0
6,Min Sum,Full-Contraction,1.0,1122.354504210453,70,0,1.0
6,Min Sum,Full-Contraction,1.0,1108.7607337319275,67,0,1.0
6,Min Sum,Full-Contraction,1.0,1021.237943755424,59,0,1.0
6,Min Sum,Full-Contraction,1.0,1108.7607337319275,67,0,1.0
6,Min Sum,Full-Contraction,1.0,1078.8111219362916,55,0,1.0
6,Min Sum,Full-Contraction,1.0,1186.9730374937262,67,0,1.0
6,Min Sum,Full-Contraction,1.0,1147.0821179526724,58,0,1.0
6,Min Sum,Full-Contraction,1.0,1188.6940514040368,62,0,1.0
6,Min Sum,Full-Contraction,1.0,1054.09255338946,54,0,1.0
6,Min Sum,Full-Contraction,1.0,1351.8837908405958,75,0,1.0
6,Min Sum,Full-Contraction,1.0,963.4939459805541,60,0,1.0
6,Min Sum,Full-Contraction,1.0,1028.1561559738268,54,0,1.0
6,Min Sum,Full-Contraction,1.0,1273.671487078797,75,0,1.0
6,Min Sum,Full-Contraction,1.0,1273.671487078797,75,0,1.0
6,Min Sum,Full-Contraction,1.0,1028.1561559738268,62,0,1.0
6,Min Sum,Full-Contraction,1.0,1245.8329885050002,74,0,1.0
6,Min Sum,Full-Contraction,1.0,1273.671487078797,75,0,1.0
6,Min Sum,Full-Contraction,1.0,1219.3703625006574,69,0,1.0
6,Min Sum,Full-Contraction,1.0,1219.3703625006574,69,0,1.0
6,Min Sum,Full-Contraction,1.0,1188.6940514040368,62,0,1.0
6,Min Sum,Full-Contraction,1.0,1002.6393726588685,62,0,1.0
6,Min Sum,Full-Contraction,1.0,1147.0821179526724,58,0,1.0
6,Min Sum,Full-Contraction,1.0,1187.5348549770085,71,0,1.0
6,Min Sum,Full-Contraction,1.0,1333.9608391554102,69,0,1.0
6,Min Sum,Full-Contraction,1.0,1219.3703625006574,69,0,1.0
6,Min Sum,Full-Contraction,1.0,1333.9608391554102,71,0,1.0
6,Min Sum,Full-Contraction,1.0,1188.6940514040368,62,0,1.0
6,Min Sum,Full-Contraction,1.0,1028.1561559738268,54,0,1.0
6,Min Sum,Full-Contraction,1.0,907.104751727776,54,0,1.0
6,Min Sum,Full-Contraction,1.0,1219.3703625006574,69,0,1.0
6,Min Sum,Full-Contraction,1.0,943.0256399936252,59,0,1.0
6,Min Sum,Full-Contraction,1.0,1108.7607337319275,67,0,1.0
6,Min Sum,Full-Contraction,1.0,1080.8516764206672,62,0,1.0
6,Min Sum,Full-Contraction,1.0,1108.7607337319275,67,0,1.0
6,Min Sum,Full-Contraction,1.0,1054.09255338946,54,0,1.0
6,Min Sum,Full-Contraction,1.0,1201.903080666718,67,0,1.0
6,Min Sum,Full-Contraction,1.0,1187.5348549770088,72,0,1.0
6,Min Sum,Full-Contraction,1.0,853.6110165128089,55,0,1.0
6,Min Sum,Full-Contraction,1.0,1078.8111219362916,56,0,1.0
6,Min Sum,Full-Contraction,1.0,1187.5348549770088,72,0,1.0
6,Min Sum,Full-Contraction,1.0,1273.6714870787973,76,0,1.0
6,Min Sum,Full-Contraction,1.0,1028.1561559738268,54,0,1.0
6,Min Sum,Full-Contraction,1.0,1333.9608391554102,72,0,1.0
6,Min Sum,Full-Contraction,1.0,1171.800686499504,60,0,1.0
6,Min Sum,Full-Contraction,1.0,963.4939459805541,61,0,1.0
6,Min Sum,Full-Contraction,1.0,1358.6794077022419,68,0,1.0
6,Min Sum,Full-Contraction,1.0,1147.0821179526724,61,0,1.0
6,Min Sum,Full-Contraction,1.0,1147.0821179526724,61,0,1.0
6,Min Sum,Full-Contraction,1.0,1437.453528947323,72,0,1.0
6,Min Sum,Full-Contraction,1.0,1246.6140481921598,64,0,1.0
6,Min Sum,Full-Contraction,1.0,1147.0821179526724,59,0,1.0
6,Min Sum,Full-Contraction,1.0,828.8924479659772,60,0,1.0
6,Min Sum,Full-Contraction,1.0,943.0256399936254,60,0,1.0
6,Min Sum,Full-Contraction,1.0,1391.076732709173,70,0,1.0
6,Min Sum,Full-Contraction,1.0,1002.6393726588685,70,0,1.0
6,Min Sum,Full-Contraction,1.0,1273.6714870787973,76,0,1.0
6,Min Sum,Full-Contraction,1.0,1252.558046629183,63,0,1.0
6,Min Sum,Full-Contraction,1.0,870.2339480609631,55,0,1.0
6,Min Sum,Full-Contraction,1.0,828.8924479659772,60,0,1.0
6,Min Sum,Full-Contraction,1.0,1000.8019568131263,55,0,1.0
6,Min Sum,Full-Contraction,1.0,931.8233202746076,54,0,1.0
6,Min Sum,Full-Contraction,1.0,1333.9608391554102,72,0,1.0
6,Min Sum,Full-Contraction,1.0,1227.8394780823512,70,0,1.0
6,Min Sum,Full-Contraction,1.0,1028.1561559738268,56,0,1.0
6,Min Sum,Full-Contraction,1.0,944.7211428065574,70,0,1.0
6,Min Sum,Full-Contraction,1.0,1054.0925533894597,56,0,1.0
6,Min Sum,Full-Contraction,1.0,1213.4126199508687,61,0,1.0
6,Min Sum,Full-Contraction,1.0,1252.558046629183,63,0,1.0
6,Min Sum,Full-Contraction,1.0,1333.9608391554102,72,0,1.0
6,Min Sum,Full-Contraction,1.0,1078.8111219362913,55,0,1.0
6,Min Sum,Full-Contraction,1.0,1002.2197585581938,58,0,1.0
6,Min Sum,Full-Contraction,1.0,907.104751727776,50,0,1.0
6,Min Sum,Full-Contraction,1.0,1308.024441739777,67,0,1.0
6,Min Sum,Full-Contraction,1.0,954.6523049164182,62,0,1.0
6,Min Sum,Full-Contraction,1.0,1002.2197585581938,55,0,1.0
6,Min Sum,Full-Contraction,1.0,1002.6393726588685,62,0,1.0
6,Min Sum,Full-Contraction,1.0,1445.0966965128498,74,0,1.0
6,Min Sum,Full-Contraction,1.0,1028.1561559738268,54,0,1.0
6,Min Sum,Full-Contraction,1.0,954.6523049164182,62,0,1.0
6,Min Sum,Full-Contraction,1.0,1201.903080666718,66,0,1.0
6,Min Sum,Full-Contraction,1.0,1201.903080666718,66,0,1.0
6,Min Sum,Full-Contraction,1.0,1188.6940514040368,62,0,1.0
6,Min Sum,Full-Contraction,1.0,1052.8747245206584,65,0,1.0
6,Min Sum,Full-Contraction,1.0,1201.903080666718,66,0,1.0
6,Min Sum,Full-Contraction,1.0,1201.903080666718,62,0,1.0
6,Min Sum,Full-Contraction,1.0,1201.903080666718,62,0,1.0
6,Min Sum,Full-Contraction,1.0,1078.8111219362916,55,0,1.0
6,Min Sum,Full-Contraction,1.0,1028.1561559738268,54,0,1.0
6,Min Sum,Full-Contraction,1.0,921.8820125291898,59,0,1.0
6,Min Sum,Full-Contraction,1.0,1220.6776507765271,63,0,1.0
6,Min Sum,Full-Contraction,1.0,1201.903080666718,62,0,1.0
6,Min Sum,Full-Contraction,1.0,1238.9746666517187,64,0,1.0
6,Min Sum,Full-Contraction,1.0,1121.1457205370393,63,0,1.0
6,Min Sum,Full-Contraction,1.0,1000.8019568131265,60,0,1.0
6,Min Sum,Full-Contraction,1.0,1002.6393726588685,62,0,1.0
6,Min Sum,Full-Contraction,1.0,954.6523049164182,62,0,1.0
6,Min Sum,Full-Contraction,1.0,1028.1561559738268,62,0,1.0
6,Min Sum,Full-Contraction,1.0,1028.1561559738268,53,0,1.0
6,Min Sum,Full-Contraction,1.0,1052.8747245206584,58,0,1.0
6,Min Sum,Full-Contraction,1.0,1052.8747245206584,59,0,1.0
6,Min Sum,Full-Contraction,1.0,1121.1457205370393,58,0,1.0
6,Min Sum,Full-Contraction,1.0,1028.1561559738268,54,0,1.0
6,Min Sum,Full-Contraction,1.0,1121.1457205370393,67,0,1.0
6,Min Sum,Full-Contraction,1.0,848.5281374238571,52,0,1.0
6,Min Sum,Full-Contraction,1.0,1107.4638375981513,64,0,1.0
6,Min Sum,Full-Contraction,1.0,1248.528137423857,67,0,1.0
6,Min Sum,Full-Contraction,1.0,847.2135954999579,46,0,1.0
6,Min Sum,Full-Contraction,1.0,1168.3238505927557,65,0,1.0
6,Min Sum,Full-Contraction,1.0,1121.1102550927978,59,0,1.0
6,Min Sum,Full-Contraction,1.0,847.2135954999579,52,0,1.0
6,Min Sum,Full-Contraction,1.0,1131.370849898476,65,0,1.0
6,Min Sum,Full-Contraction,1.0,1012.899020449196,52,0,1.0
6,Min Sum,Full-Contraction,1.0,847.2135954999579,52,0,1.0
6,Min Sum,Full-Contraction,1.0,1248.528137423857,67,0,1.0
6,Min Sum,Full-Contraction,1.0,1079.6691275336339,55,0,1.0
6,Min Sum,Full-Contraction,1.0,1012.899020449196,52,0,1.0
6,Min Sum,Full-Contraction,1.0,847.2135954999579,53,0,1.0
6,Min Sum,Full-Contraction,1.0,800.0,53,0,1.0
6,Min Sum,Full-Contraction,1.0,1107.4638375981513,64,0,1.0
6,Min Sum,Full-Contraction,1.0,1000.0,63,0,1.0
6,Min Sum,Full-Contraction,1.0,1094.4271909999159,67,0,1.0
6,Min Sum,Full-Contraction,1.0,1121.1102550927978,59,0,1.0
6,Min Sum,Full-Contraction,1.0,730.056307974577,46,0,1.0
6,Min Sum,Full-Contraction,1.0,847.2135954999579,53,0,1.0
6,Min Sum,Full-Contraction,1.0,894.4271909999159,46,0,1.0
6,Min Sum,Full-Contraction,1.0,847.2135954999579,46,0,1.0
6,Min Sum,Full-Contraction,1.0,1168.3238505927557,65,0,1.0
6,Min Sum,Full-Contraction,1.0,1248.528137423857,65,0,1.0
6,Min Sum,Full-Contraction,1.0,1032.4555320336758,55,0,1.0
6,Min Sum,Full-Contraction,1.0,1000.0,63,0,1.0
6,Min Sum,Full-Contraction,1.0,894.4271909999159,46,0,1.0
6,Min Sum,Full-Contraction,1.0,1121.1102550927978,59,0,1.0
6,Min Sum,Full-Contraction,1.0,1003.9529675674169,59,0,1.0
6,Min Sum,Full-Contraction,1.0,1168.3238505927557,64,0,1.0
6,Min Sum,Full-Contraction,1.0,1032.4555320336758,55,0,1.0
6,Min Sum,Full-Contraction,1.0,1189.4264950756321,60,0,1.0
6,Min Sum,Full-Contraction,1.0,1285.1748951732786,65,0,1.0
6,Min Sum,Full-Contraction,1.0,956.7451800763997,49,0,1.0
6,Min Sum,Full-Contraction,1.0,1189.4264950756321,60,0,1.0
6,Min Sum,Full-Contraction,1.0,942.8090415820634,62,0,1.0
6,Min Sum,Full-Contraction,1.0,1008.8883706776019,51,0,1.0
6,Min Sum,Full-Contraction,1.0,1135.5513366778332,60,0,1.0
6,Min Sum,Full-Contraction,1.0,898.2794699532218,60,0,1.0
6,Min Sum,Full-Contraction,1.0,898.2794699532218,60,0,1.0
6,Min Sum,Full-Contraction,1.0,1172.2309416621197,61,0,1.0
6,Min Sum,Full-Contraction,1.0,1216.7605132909619,61,0,1.0
6,Min Sum,Full-Contraction,1.0,1006.8187845156153,60,0,1.0
6,Min Sum,Full-Contraction,1.0,898.2794699532216,51,0,1.0
6,Min Sum,Full-Contraction,1.0,898.2794699532216,51,0,1.0
6,Min Sum,Full-Contraction,1.0,1106.7442176412278,58,0,1.0
6,Min Sum,Full-Contraction,1.0,1096.8666572369157,58,0,1.0
6,Min Sum,Full-Contraction,1.0,1285.1748951732786,65,0,1.0
6,Min Sum,Full-Contraction,1.0,1000.363300298365,54,0,1.0
6,Min Sum,Full-Contraction,1.0,1044.892871927207,53,0,1.0
6,Min Sum,Full-Contraction,1.0,898.2794699532216,52,0,1.0
6,Min Sum,Full-Contraction,1.0,1044.892871927207,54,0,1.0
6,Min Sum,Full-Contraction,1.0,956.7451800763997,49,0,1.0
6,Min Sum,Full-Contraction,1.0,1189.4264950756321,60,0,1.0
6,Min Sum,Full-Contraction,1.0,1096.8666572369157,60,0,1.0
6,Min Sum,Full-Contraction,1.0,964.3587990487598,51,0,1.0
6,Min Sum,Full-Contraction,1.0,1096.8666572369157,58,0,1.0
6,Min Sum,Full-Contraction,1.0,1044.892871927207,53,0,1.0
6,Min Sum,Full-Contraction,1.0,1023.1597431621337,54,0,1.0
6,Min Sum,Full-Contraction,1.0,1000.363300298365,53,0,1.0
6,Min Sum,Full-Contraction,1.0,1189.4264950756321,60,0,1.0
6,Min Sum,Full-Contraction,1.0,1044.892871927207,56,0,1.0
6,Min Sum,Full-Contraction,1.0,1375.7547778415847,71,0,1.0
6,Min Sum,Full-Contraction,1.0,1261.2153099803206,65,0,1.0
6,Min Sum,Full-Contraction,1.0,1240.071682515885,65,0,1.0
6,Min Sum,Full-Contraction,1.0,1484.9203770578715,74,0,1.0
6,Min Sum,Full-Contraction,1.0,1195.4583913123447,65,0,1.0
6,Min Sum,Full-Contraction,1.0,1093.791521376339,62,0,1.0
6,Min Sum,Full-Contraction,1.0,1381.2155462067371,78,0,1.0
6,Min Sum,Full-Contraction,1.0,1381.2155462067371,78,0,1.0
6,Min Sum,Full-Contraction,1.0,1171.800686499504,64,0,1.0
6,Min Sum,Full-Contraction,1.0,1261.2153099803206,78,0,1.0
6,Min Sum,Full-Contraction,1.0,1381.2155462067371,78,0,1.0
6,Min Sum,Full-Contraction,1.0,1381.2155462067371,69,0,1.0
6,Min Sum,Full-Contraction,1.0,1381.2155462067371,69,0,1.0
6,Min Sum,Full-Contraction,1.0,1281.6836159672494,65,0,1.0
6,Min Sum,Full-Contraction,1.0,1147.0821179526724,64,0,1.0
6,Min Sum,Full-Contraction,1.0,1375.7547778415847,71,0,1.0
6,Min Sum,Full-Contraction,1.0,1106.369910180185,72,0,1.0
6,Min Sum,Full-Contraction,1.0,1381.2155462067371,71,0,1.0
6,Min Sum,Full-Contraction,1.0,1362.4409760969284,68,0,1.0
6,Min Sum,Full-Contraction,1.0,1381.2155462067371,72,0,1.0
6,Min Sum,Full-Contraction,1.0,1261.2153099803206,65,0,1.0
6,Min Sum,Full-Contraction,1.0,1240.071682515885,65,0,1.0
6,Min Sum,Full-Contraction,1.0,1147.0821179526724,60,0,1.0
6,Min Sum,Full-Contraction,1.0,1261.2153099803206,69,0,1.0
6,Min Sum,Full-Contraction,1.0,1188.6940514040368,60,0,1.0
6,Min Sum,Full-Contraction,1.0,1195.4583913123447,71,0,1.0
6,Min Sum,Full-Contraction,1.0,1281.6836159672494,64,0,1.0
6,Min Sum,Full-Contraction,1.0,861.1281919225881,71,0,1.0
6,Min Sum,Full-Contraction,1.0,1261.2153099803206,65,0,1.0
6,Min Sum,Full-Contraction,1.0,1323.295549418614,71,0,1.0
6,Min Sum,Full-Contraction,1.0,1290.2019706710776,67,0,1.0
6,Min Sum,Full-Contraction,1.0,1019.803902718557,55,0,1.0
6,Min Sum,Full-Contraction,1.0,1345.790780115538,80,0,1.0
6,Min Sum,Full-Contraction,1.0,1092.9971408438084,64,0,1.0
6,Min Sum,Full-Contraction,1.0,1019.803902718557,55,0,1.0
6,Min Sum,Full-Contraction,1.0,1345.790780115538,80,0,1.0
6,Min Sum,Full-Contraction,1.0,1345.790780115538,80,0,1.0
6,Min Sum,Full-Contraction,1.0,1077.8050766032288,67,0,1.0
6,Min Sum,Full-Contraction,1.0,1290.2019706710776,78,0,1.0
6,Min Sum,Full-Contraction,1.0,1345.790780115538,80,0,1.0
6,Min Sum,Full-Contraction,1.0,1221.7662798305796,74,0,1.0
6,Min Sum,Full-Contraction,1.0,1221.7662798305796,74,0,1.0
6,Min Sum,Full-Contraction,1.0,1077.8050766032288,67,0,1.0
6,Min Sum,Full-Contraction,1.0,1077.8050766032288,67,0,1.0
6,Min Sum,Full-Contraction,1.0,899.3229555013679,58,0,1.0
6,Min Sum,Full-Contraction,1.0,1264.9110640673518,76,0,1.0
6,Min Sum,Full-Contraction,1.0,1443.3277161887927,74,0,1.0
6,Min Sum,Full-Contraction,1.0,1221.7662798305796,74,0,1.0
6,Min Sum,Full-Contraction,1.0,1264.9110640673518,76,0,1.0
6,Min Sum,Full-Contraction,1.0,1290.2019706710776,67,0,1.0
6,Min Sum,Full-Contraction,1.0,1092.9971408438084,55,0,1.0
6,Min Sum,Full-Contraction,1.0,899.3229555013679,55,0,1.0
6,Min Sum,Full-Contraction,1.0,1290.2019706710776,74,0,1.0
6,Min Sum,Full-Contraction,1.0,899.3229555013679,64,0,1.0
6,Min Sum,Full-Contraction,1.0,1166.19037896906,72,0,1.0
6,Min Sum,Full-Contraction,1.0,1092.9971408438084,67,0,1.0
6,Min Sum,Full-Contraction,1.0,1176.4602927211006,72,0,1.0
6,Min Sum,Full-Contraction,1.0,1092.9971408438084,58,0,1.0
6,Min Sum,Full-Contraction,1.0,1370.134478063541,72,0,1.0
6,Min Sum,Full-Contraction,1.0,1378.1692213733945,69,0,1.0
6,Min Sum,Full-Contraction,1.0,1096.8666572369157,58,0,1.0
6,Min Sum,Full-Contraction,1.0,1131.370849898476,57,0,1.0
6,Min Sum,Full-Contraction,1.0,1280.6248474865697,66,0,1.0
6,Min Sum,Full-Contraction,1.0,1131.370849898476,57,0,1.0
6,Min Sum,Full-Contraction,1.0,1131.370849898476,57,0,1.0
6,Min Sum,Full-Contraction,1.0,1355.434167641131,70,0,1.0
6,Min Sum,Full-Contraction,1.0,1151.2737892700698,58,0,1.0
6,Min Sum,Full-Contraction,1.0,1008.8883706776016,53,0,1.0
6,Min Sum,Full-Contraction,1.0,1096.8666572369157,58,0,1.0
6,Min Sum,Full-Contraction,1.0,1096.8666572369157,58,0,1.0
6,Min Sum,Full-Contraction,1.0,1303.7380450265834,68,0,1.0
6,Min Sum,Full-Contraction,1.0,1296.101936522543,67,0,1.0
6,Min Sum,Full-Contraction,1.0,1455.726058139925,73,0,1.0
6,Min Sum,Full-Contraction,1.0,1172.2309416621197,61,0,1.0
6,Min Sum,Full-Contraction,1.0,956.7451800763997,49,0,1.0
6,Min Sum,Full-Contraction,1.0,1096.8666572369157,58,0,1.0
6,Min Sum,Full-Contraction,1.0,956.7451800763997,49,0,1.0
6,Min Sum,Full-Contraction,1.0,942.8090415820635,48,0,1.0
6,Min Sum,Full-Contraction,1.0,1378.1692213733945,69,0,1.0
6,Min Sum,Full-Contraction,1.0,1296.101936522543,67,0,1.0
6,Min Sum,Full-Contraction,1.0,1023.1597431621337,54,0,1.0
6,Min Sum,Full-Contraction,1.0,1296.101936522543,67,0,1.0
6,Min Sum,Full-Contraction,1.0,1008.8883706776019,51,0,1.0
6,Min Sum,Full-Contraction,1.0,1135.5513366778332,60,0,1.0
6,Min Sum,Full-Contraction,1.0,1172.2309416621197,61,0,1.0
6,Min Sum,Full-Contraction,1.0,1378.1692213733945,69,0,1.0
6,Min Sum,Full-Contraction,1.0,956.7451800763997,52,0,1.0
6,Min Sum,Full-Contraction,1.0,1478.589116296294,81,0,1.0
6,Min Sum,Full-Contraction,1.0,1281.0249675906655,65,0,1.0
6,Min Sum,Full-Contraction,1.0,1038.5164807134504,53,0,1.0
6,Min Sum,Full-Contraction,1.0,1618.033988749895,81,0,1.0
6,Min Sum,Full-Contraction,1.0,1618.033988749895,81,0,1.0
6,Min Sum,Full-Contraction,1.0,1108.2762530298219,69,0,1.0
6,Min Sum,Full-Contraction,1.0,1563.014581273465,79,0,1.0
6,Min Sum,Full-Contraction,1.0,1618.033988749895,81,0,1.0
6,Min Sum,Full-Contraction,1.0,1365.542689658488,76,0,1.0
6,Min Sum,Full-Contraction,1.0,1365.542689658488,76,0,1.0
6,Min Sum,Full-Contraction,1.0,1354.4003745317532,69,0,1.0
6,Min Sum,Full-Contraction,1.0,1354.4003745317532,69,0,1.0
6,Min Sum,Full-Contraction,1.0,1000.8675512896838,58,0,1.0
6,Min Sum,Full-Contraction,1.0,1404.5857784374539,78,0,1.0
6,Min Sum,Full-Contraction,1.0,1365.542689658488,76,0,1.0
6,Min Sum,Full-Contraction,1.0,1365.542689658488,76,0,1.0
6,Min Sum,Full-Contraction,1.0,1443.3981132056604,78,0,1.0
6,Min Sum,Full-Contraction,1.0,1354.4003745317532,69,0,1.0
6,Min Sum,Full-Contraction,1.0,1000.0,52,0,1.0
6,Min Sum,Full-Contraction,1.0,1000.0,52,0,1.0
6,Min Sum,Full-Contraction,1.0,1365.542689658488,76,0,1.0
6,Min Sum,Full-Contraction,1.0,1166.7809023762538,66,0,1.0
6,Min Sum,Full-Contraction,1.0,1443.3981132056604,73,0,1.0
6,Min Sum,Full-Contraction,1.0,1354.4003745317532,69,0,1.0
6,Min Sum,Full-Contraction,1.0,1443.3981132056604,73,0,1.0
6,Min Sum,Full-Contraction,1.0,1031.3755207963359,60,0,1.0
6,Min Sum,Full-Contraction,1.0,1443.3981132056604,73,0,1.0
6,Min Sum,Full-Contraction,1.0,1168.225745417108,65,0,1.0
6,Min Sum,Full-Contraction,1.0,1147.0821179526724,66,0,1.0
6,Min Sum,Full-Contraction,1.0,1188.6940514040368,71,0,1.0
6,Min Sum,Full-Contraction,1.0,1168.225745417108,71,0,1.0
6,Min Sum,Full-Contraction,1.0,1188.6940514040368,70,0,1.0
6,Min Sum,Full-Contraction,1.0,1017.6376655100745,74,0,1.0
6,Min Sum,Full-Contraction,1.0,1000.8019568131263,71,0,1.0
6,Min Sum,Full-Contraction,1.0,1188.6940514040368,60,0,1.0
6,Min Sum,Full-Contraction,1.0,1188.6940514040368,60,0,1.0
6,Min Sum,Full-Contraction,1.0,1227.839478082351,68,0,1.0
6,Min Sum,Full-Contraction,1.0,1093.791521376339,69,0,1.0
6,Min Sum,Full-Contraction,1.0,1427.663349101816,78,0,1.0
6,Min Sum,Full-Contraction,1.0,1078.8111219362913,64,0,1.0
6,Min Sum,Full-Contraction,1.0,947.5113602367929,65,0,1.0
6,Min Sum,Full-Contraction,1.0,1162.757653988404,60,0,1.0
6,Min Sum,Full-Contraction,1.0,1114.9351488407747,65,0,1.0
6,Min Sum,Full-Contraction,1.0,1049.1782301727987,62,0,1.0
6,Min Sum,Full-Contraction,1.0,1317.2642494367096,72,0,1.0
6,Min Sum,Full-Contraction,1.0,1188.6940514040368,69,0,1.0
6,Min Sum,Full-Contraction,1.0,1188.6940514040368,62,0,1.0
6,Min Sum,Full-Contraction,1.0,1246.6140481921598,69,0,1.0
6,Min Sum,Full-Contraction,1.0,1102.468826749132,65,0,1.0
6,Min Sum,Full-Contraction,1.0,1106.369910180185,60,0,1.0
6,Min Sum,Full-Contraction,1.0,1114.9351488407747,65,0,1.0
6,Min Sum,Full-Contraction,1.0,1317.2642494367096,72,0,1.0
6,Min Sum,Full-Contraction,1.0,1188.694051404037,65,0,1.0
6,Min Sum,Full-Contraction,1.0,1088.6440827567576,66,0,1.0
6,Min Sum,Full-Contraction,1.0,1022.824509171938,57,0,1.0
6,Min Sum,Full-Contraction,1.0,987.9430626127405,57,0,1.0
6,Min Sum,Full-Contraction,1.0,1299.111033667615,66,0,1.0
6,Min Sum,Full-Contraction,1.0,987.9430626127404,57,0,1.0
6,Min Sum,Full-Contraction,1.0,987.9430626127405,57,0,1.0
6,Min Sum,Full-Contraction,1.0,898.2794699532216,52,0,1.0
6,Min Sum,Full-Contraction,1.0,898.2794699532216,52,0,1.0
6,Min Sum,Full-Contraction,1.0,992.8956826591112,61,0,1.0
6,Min Sum,Full-Contraction,1.0,1096.8666572369157,59,0,1.0
6,Min Sum,Full-Contraction,1.0,1172.2309416621197,62,0,1.0
6,Min Sum,Full-Contraction,1.0,1145.3069883928124,61,0,1.0
6,Min Sum,Full-Contraction,1.0,970.6813185707359,52,0,1.0
6,Min Sum,Full-Contraction,1.0,1081.625453285312,55,0,1.0
6,Min Sum,Full-Contraction,1.0,970.6813185707359,53,0,1.0
6,Min Sum,Full-Contraction,1.0,1058.8290104215432,54,0,1.0
6,Min Sum,Full-Contraction,1.0,1096.8666572369157,66,0,1.0
6,Min Sum,Full-Contraction,1.0,1299.111033667615,66,0,1.0
6,Min Sum,Full-Contraction,1.0,1155.3323673600942,59,0,1.0
6,Min Sum,Full-Contraction,1.0,1096.8666572369157,59,0,1.0
6,Min Sum,Full-Contraction,1.0,912.215608447558,50,0,1.0
6,Min Sum,Full-Contraction,1.0,1203.3626335699685,61,0,1.0
6,Min Sum,Full-Contraction,1.0,934.8400374819552,58,0,1.0
6,Min Sum,Full-Contraction,1.0,956.7451800763997,59,0,1.0
6,Min Sum,Full-Contraction,1.0,1230.696651785298,62,0,1.0
6,Min Sum,Full-Contraction,1.0,1340.4217667467083,75,0,1.0
6,Min Sum,Full-Contraction,1.0,1225.6844193363468,75,0,1.0
6,Min Sum,Full-Contraction,1.0,954.6523049164182,62,0,1.0
6,Min Sum,Full-Contraction,1.0,1445.0966965128498,74,0,1.0
6,Min Sum,Full-Contraction,1.0,1472.935195086647,75,0,1.0
6,Min Sum,Full-Contraction,1.0,1201.903080666718,69,0,1.0
6,Min Sum,Full-Contraction,1.0,1201.903080666718,69,0,1.0
6,Min Sum,Full-Contraction,1.0,1162.7576539884037,62,0,1.0
6,Min Sum,Full-Contraction,1.0,954.6523049164182,62,0,1.0
6,Min Sum,Full-Contraction,1.0,963.2235126241759,58,0,1.0
6,Min Sum,Full-Contraction,1.0,1142.289348001475,71,0,1.0
6,Min Sum,Full-Contraction,1.0,1308.024441739777,69,0,1.0
6,Min Sum,Full-Contraction,1.0,1093.1709909964081,69,0,1.0
6,Min Sum,Full-Contraction,1.0,1308.024441739777,71,0,1.0
6,Min Sum,Full-Contraction,1.0,1201.903080666718,62,0,1.0
6,Min Sum,Full-Contraction,1.0,1054.09255338946,54,0,1.0
6,Min Sum,Full-Contraction,1.0,1054.09255338946,54,0,1.0
6,Min Sum,Full-Contraction,1.0,1201.903080666718,69,0,1.0
6,Min Sum,Full-Contraction,1.0,881.1683543121428,59,0,1.0
6,Min Sum,Full-Contraction,1.0,1308.024441739777,67,0,1.0
6,Min Sum,Full-Contraction,1.0,1201.903080666718,62,0,1.0
6,Min Sum,Full-Contraction,1.0,1308.024441739777,67,0,1.0
6,Min Sum,Full-Contraction,1.0,1028.1561559738268,54,0,1.0
6,Min Sum,Full-Contraction,1.0,1308.024441739777,67,0,1.0
6,Min Sum,Full-Contraction,1.0,991.0712498212337,50,0,1.0
6,Min Sum,Full-Contraction,1.0,1568.951770784258,78,0,1.0
6,Min Sum,Full-Contraction,1.0,1043.71762634255,57,0,1.0
6,Min Sum,Full-Contraction,1.0,963.3912531645567,49,0,1.0
6,Min Sum,Full-Contraction,1.0,1201.8562949245197,60,0,1.0
6,Min Sum,Full-Contraction,1.0,1201.8562949245197,60,0,1.0
6,Min Sum,Full-Contraction,1.0,1464.4984151605256,73,0,1.0
6,Min Sum,Full-Contraction,1.0,1393.0630927663674,70,0,1.0
6,Min Sum,Full-Contraction,1.0,1378.0824445688652,69,0,1.0
6,Min Sum,Full-Contraction,1.0,1415.0765731861982,72,0,1.0
6,Min Sum,Full-Contraction,1.0,1043.71762634255,59,0,1.0
6,Min Sum,Full-Contraction,1.0,1201.8562949245197,60,0,1.0
6,Min Sum,Full-Contraction,1.0,813.7703743822469,57,0,1.0
6,Min Sum,Full-Contraction,1.0,1054.1014484893767,59,0,1.0
6,Min Sum,Full-Contraction,1.0,1393.0630927663674,78,0,1.0
6,Min Sum,Full-Contraction,1.0,1335.9292978487597,78,0,1.0
6,Min Sum,Full-Contraction,1.0,1143.7022415037306,69,0,1.0
6,Min Sum,Full-Contraction,1.0,1393.0630927663674,70,0,1.0
6,Min Sum,Full-Contraction,1.0,1043.71762634255,57,0,1.0
6,Min Sum,Full-Contraction,1.0,1223.8451770695783,72,0,1.0
6,Min Sum,Full-Contraction,1.0,1188.2828732188664,71,0,1.0
6,Min Sum,Full-Contraction,1.0,1201.8562949245197,68,0,1.0
6,Min Sum,Full-Contraction,1.0,1250.8177806026008,67,0,1.0
6,Min Sum,Full-Contraction,1.0,1320.7592200561262,78,0,1.0
6,Min Sum,Full-Contraction,1.0,814.5108532203864,56,0,1.0
6,Min Sum,Full-Contraction,1.0,974.3848737242605,50,0,1.0
6,Min Sum,Full-Contraction,1.0,1203.7386409849637,61,0,1.0
6,Min Sum,Full-Contraction,1.0,1203.7386409849637,61,0,1.0
6,Min Sum,Full-Contraction,1.0,1462.2396112760175,73,0,1.0
6,Min Sum,Full-Contraction,1.0,1397.1624779993494,70,0,1.0
6,Min Sum,Full-Contraction,1.0,1397.1624779993494,70,0,1.0
6,Min Sum,Full-Contraction,1.0,1163.5749364715807,72,0,1.0
6,Min Sum,Full-Contraction,1.0,992.4224688655145,59,0,1.0
6,Min Sum,Full-Contraction,1.0,1203.7386409849637,61,0,1.0
6,Min Sum,Full-Contraction,1.0,814.5108532203864,56,0,1.0
6,Min Sum,Full-Contraction,1.0,1003.3664234758792,59,0,1.0
6,Min Sum,Full-Contraction,1.0,1397.1624779993494,77,0,1.0
6,Min Sum,Full-Contraction,1.0,1308.0332901208872,77,0,1.0
6,Min Sum,Full-Contraction,1.0,1054.0925533894597,68,0,1.0
6,Min Sum,Full-Contraction,1.0,1397.1624779993494,70,0,1.0
6,Min Sum,Full-Contraction,1.0,841.0515403909271,56,0,1.0
6,Min Sum,Full-Contraction,1.0,1136.9814433078789,72,0,1.0
6,Min Sum,Full-Contraction,1.0,1107.726780482806,71,0,1.0
6,Min Sum,Full-Contraction,1.0,1203.7386409849637,69,0,1.0
6,Min Sum,Full-Contraction,1.0,1021.8535147176545,66,0,1.0
6,Min Sum,Full-Contraction,1.0,1362.4409760969284,81,0,1.0
6,Min Sum,Full-Contraction,1.0,1399.512562081929,80,0,1.0
6,Min Sum,Full-Contraction,1.0,1188.694051404037,70,0,1.0
6,Min Sum,Full-Contraction,1.0,1399.512562081929,70,0,1.0
6,Min Sum,Full-Contraction,1.0,1323.295549418614,68,0,1.0
6,Min Sum,Full-Contraction,1.0,1041.706249742353,66,0,1.0
6,Min Sum,Full-Contraction,1.0,1333.9608391554102,73,0,1.0
6,Min Sum,Full-Contraction,1.0,1484.9203770578715,74,0,1.0
6,Min Sum,Full-Contraction,1.0,1468.5623371699874,73,0,1.0
6,Min Sum,Full-Contraction,1.0,1188.694051404037,68,0,1.0
6,Min Sum,Full-Contraction,1.0,1468.5623371699874,74,0,1.0
6,Min Sum,Full-Contraction,1.0,1362.4409760969284,68,0,1.0
6,Min Sum,Full-Contraction,1.0,1362.4409760969284,68,0,1.0
6,Min Sum,Full-Contraction,1.0,947.5113602367929,61,0,1.0
6,Min Sum,Full-Contraction,1.0,1362.4409760969284,70,0,1.0
6,Min Sum,Full-Contraction,1.0,1213.4126199508687,61,0,1.0
6,Min Sum,Full-Contraction,1.0,1302.8272434316852,73,0,1.0
6,Min Sum,Full-Contraction,1.0,1162.757653988404,66,0,1.0
6,Min Sum,Full-Contraction,1.0,1213.4126199508687,73,0,1.0
6,Min Sum,Full-Contraction,1.0,1080.8516764206674,68,0,1.0
6,Min Sum,Full-Contraction,1.0,1188.694051404037,73,0,1.0
6,Min Sum,Full-Contraction,1.0,740.4918347287664,52,0,1.0
6,Min Sum,Full-Contraction,1.0,848.5281374238571,61,0,1.0
6,Min Sum,Full-Contraction,1.0,848.5281374238571,61,0,1.0
6,Min Sum,Full-Contraction,1.0,1458.5852494097924,73,0,1.0
6,Min Sum,Full-Contraction,1.0,1046.9598700510512,71,0,1.0
6,Min Sum,Full-Contraction,1.0,1271.4792619456694,73,0,1.0
6,Min Sum,Full-Contraction,1.0,1370.134478063541,69,0,1.0
6,Min Sum,Full-Contraction,1.0,1092.9971408438084,55,0,1.0
6,Min Sum,Full-Contraction,1.0,934.166020071207,61,0,1.0
6,Min Sum,Full-Contraction,1.0,1019.803902718557,52,0,1.0
6,Min Sum,Full-Contraction,1.0,1092.9971408438084,55,0,1.0
6,Min Sum,Full-Contraction,1.0,1499.851445020445,75,0,1.0
6,Min Sum,Full-Contraction,1.0,1306.1772596780045,75,0,1.0
6,Min Sum,Full-Contraction,1.0,1271.4792619456694,64,0,1.0
6,Min Sum,Full-Contraction,1.0,1046.9598700510512,71,0,1.0
6,Min Sum,Full-Contraction,1.0,1019.803902718557,52,0,1.0
6,Min Sum,Full-Contraction,1.0,1370.134478063541,69,0,1.0
6,Min Sum,Full-Contraction,1.0,1370.134478063541,69,0,1.0
6,Min Sum,Full-Contraction,1.0,1271.4792619456694,71,0,1.0
6,Min Sum,Full-Contraction,1.0,1217.008732545826,61,0,1.0
6,Min Sum,Full-Contraction,1.0,1151.2737892700698,58,0,1.0
6,Min Sum,Full-Contraction,1.0,1151.2737892700698,58,0,1.0
6,Min Sum,Full-Contraction,1.0,1399.9637392699728,70,0,1.0
6,Min Sum,Full-Contraction,1.0,1348.2676166554252,68,0,1.0
6,Min Sum,Full-Contraction,1.0,1378.1692213733945,69,0,1.0
6,Min Sum,Full-Contraction,1.0,1325.1544191154114,67,0,1.0
6,Min Sum,Full-Contraction,1.0,896.4948370288703,54,0,1.0
6,Min Sum,Full-Contraction,1.0,1151.2737892700698,58,0,1.0
6,Min Sum,Full-Contraction,1.0,898.2794699532216,51,0,1.0
6,Min Sum,Full-Contraction,1.0,908.7584038913217,54,0,1.0
6,Min Sum,Full-Contraction,1.0,1462.4757706122653,73,0,1.0
6,Min Sum,Full-Contraction,1.0,1462.4757706122653,73,0,1.0
6,Min Sum,Full-Contraction,1.0,1078.45572438128,63,0,1.0
6,Min Sum,Full-Contraction,1.0,1348.2676166554252,68,0,1.0
6,Min Sum,Full-Contraction,1.0,848.5281374238571,51,0,1.0
6,Min Sum,Full-Contraction,1.0,1167.369384360325,67,0,1.0
6,Min Sum,Full-Contraction,1.0,1151.8922953243516,66,0,1.0
6,Min Sum,Full-Contraction,1.0,1151.2737892700698,67,0,1.0
6,Min Sum,Full-Contraction,1.0,894.4271909999156,61,0,1.0
6,Min Sum,Full-Contraction,1.0,1019.803902718557,52,0,1.0
6,Min Sum,Full-Contraction,1.0,1271.4792619456694,64,0,1.0
6,Min Sum,Full-Contraction,1.0,1217.008732545826,61,0,1.0
6,Min Sum,Full-Contraction,1.0,1092.9971408438084,64,0,1.0
6,Min Sum,Full-Contraction,1.0,1023.3345472033855,64,0,1.0
6,Min Sum,Full-Contraction,1.0,1019.803902718557,52,0,1.0
6,Min Sum,Full-Contraction,1.0,1092.9971408438084,55,0,1.0
6,Min Sum,Full-Contraction,1.0,934.166020071207,52,0,1.0
6,Min Sum,Full-Contraction,1.0,1092.9971408438084,55,0,1.0
6,Min Sum,Full-Contraction,1.0,1370.134478063541,69,0,1.0
6,Min Sum,Full-Contraction,1.0,1092.9971408438084,69,0,1.0
6,Min Sum,Full-Contraction,1.0,1217.008732545826,61,0,1.0
6,Min Sum,Full-Contraction,1.0,1217.008732545826,61,0,1.0
6,Min Sum,Full-Contraction,1.0,934.166020071207,52,0,1.0
6,Min Sum,Full-Contraction,1.0,1271.4792619456694,64,0,1.0
6,Min Sum,Full-Contraction,1.0,1217.008732545826,61,0,1.0
6,Min Sum,Full-Contraction,1.0,1217.008732545826,61,0,1.0
6,Min Sum,Full-Contraction,1.0,1271.4792619456694,64,0,1.0
6,Min Sum,Full-Contraction,1.0,1271.4792619456694,64,0,1.0
6,Min Sum,Full-Contraction,1.0,1217.008732545826,61,0,1.0
6,Min Sum,Full-Contraction,1.0,1092.9971408438084,64,0,1.0
6,Min Sum,Full-Contraction,1.0,1271.4792619456694,64,0,1.0
6,Min Sum,Full-Contraction,1.0,1019.803902718557,52,0,1.0
6,Min Sum,Full-Contraction,1.0,1092.9971408438084,55,0,1.0
6,Min Sum,Full-Contraction,1.0,934.166020071207,52,0,1.0
6,Min Sum,Full-Contraction,1.0,1092.9971408438084,55,0,1.0
6,Min Sum,Full-Contraction,1.0,1176.4602927211006,69,0,1.0
6,Min Sum,Full-Contraction,1.0,1370.134478063541,69,0,1.0
6,Min Sum,Full-Contraction,1.0,1217.008732545826,61,0,1.0
6,Min Sum,Full-Contraction,1.0,1217.008732545826,61,0,1.0
6,Min Sum,Full-Contraction,1.0,934.166020071207,52,0,1.0
6,Min Sum,Full-Contraction,1.0,1271.4792619456694,64,0,1.0
6,Min Sum,Full-Contraction,1.0,1217.008732545826,61,0,1.0
6,Min Sum,Full-Contraction,1.0,1217.008732545826,61,0,1.0
6,Min Sum,Full-Contraction,1.0,1271.4792619456694,64,0,1.0
6,Min Sum,Full-Contraction,1.0,921.8820125291898,58,0,1.0
6,Min Sum,Full-Contraction,1.0,1393.196741574156,70,0,1.0
6,Min Sum,Full-Contraction,1.0,1261.2153099803209,70,0,1.0
6,Min Sum,Full-Contraction,1.0,1220.6776507765271,67,0,1.0
6,Min Sum,Full-Contraction,1.0,1291.3278520210768,70,0,1.0
6,Min Sum,Full-Contraction,1.0,1220.6776507765271,67,0,1.0
6,Min Sum,Full-Contraction,1.0,1256.8288158627392,69,0,1.0
6,Min Sum,Full-Contraction,1.0,1443.3084436065071,72,0,1.0
6,Min Sum,Full-Contraction,1.0,1195.4583913123447,72,0,1.0
6,Min Sum,Full-Contraction,1.0,1393.196741574156,70,0,1.0
6,Min Sum,Full-Contraction,1.0,1147.0821179526724,58,0,1.0
6,Min Sum,Full-Contraction,1.0,1261.2153099803209,63,0,1.0
6,Min Sum,Full-Contraction,1.0,1393.196741574156,70,0,1.0
6,Min Sum,Full-Contraction,1.0,1261.2153099803209,63,0,1.0
6,Min Sum,Full-Contraction,1.0,1195.4583913123447,63,0,1.0
6,Min Sum,Full-Contraction,1.0,1416.4118937954956,76,0,1.0
6,Min Sum,Full-Contraction,1.0,895.0385722511749,59,0,1.0
6,Min Sum,Full-Contraction,1.0,1028.1561559738268,63,0,1.0
6,Min Sum,Full-Contraction,1.0,1054.0925533894597,62,0,1.0
6,Min Sum,Full-Contraction,1.0,1264.9110640673516,64,0,1.0
6,Min Sum,Full-Contraction,1.0,1227.8394780823512,63,0,1.0
6,Min Sum,Full-Contraction,1.0,1188.6940514040368,60,0,1.0
6,Min Sum,Full-Contraction,1.0,1028.1561559738268,62,0,1.0
6,Min Sum,Full-Contraction,1.0,1002.2197585581938,62,0,1.0
6,Min Sum,Full-Contraction,1.0,1227.8394780823512,62,0,1.0
6,Min Sum,Full-Contraction,1.0,1028.1561559738268,53,0,1.0
6,Min Sum,Full-Contraction,1.0,1078.8111219362916,58,0,1.0
6,Min Sum,Full-Contraction,1.0,1142.289348001475,59,0,1.0
6,Min Sum,Full-Contraction,1.0,1028.1561559738268,58,0,1.0
6,Min Sum,Full-Contraction,1.0,1054.0925533894597,54,0,1.0
6,Min Sum,Full-Contraction,1.0,1333.9608391554102,67,0,1.0
6,Min Sum,Full-Contraction,1.0,991.0979390447073,75,0,1.0
6,Min Sum,Full-Contraction,1.0,1391.076732709173,73,0,1.0
6,Min Sum,Full-Contraction,1.0,1093.1709909964081,73,0,1.0
6,Min Sum,Full-Contraction,1.0,1391.076732709173,75,0,1.0
6,Min Sum,Full-Contraction,1.0,1281.6836159672494,66,0,1.0
6,Min Sum,Full-Contraction,1.0,1147.0821179526724,58,0,1.0
6,Min Sum,Full-Contraction,1.0,963.2235126241759,58,0,1.0
6,Min Sum,Full-Contraction,1.0,1281.6836159672494,73,0,1.0
6,Min Sum,Full-Contraction,1.0,1192.9443139639397,63,0,1.0
6,Min Sum,Full-Contraction,1.0,1171.800686499504,71,0,1.0
6,Min Sum,Full-Contraction,1.0,1064.7579767288203,66,0,1.0
6,Min Sum,Full-Contraction,1.0,1060.7736659894772,71,0,1.0
6,Min Sum,Full-Contraction,1.0,1093.791521376339,58,0,1.0
6,Min Sum,Full-Contraction,1.0,1358.6794077022419,71,0,1.0
6,Min Sum,Full-Contraction,1.0,1362.4409760969284,68,0,1.0
6,Min Sum,Full-Contraction,1.0,1041.706249742353,61,0,1.0
6,Min Sum,Full-Contraction,1.0,1362.4409760969284,68,0,1.0
6,Min Sum,Full-Contraction,1.0,1302.8272434316852,65,0,1.0
6,Min Sum,Full-Contraction,1.0,1350.3188790432944,74,0,1.0
6,Min Sum,Full-Contraction,1.0,1264.9110640673516,70,0,1.0
6,Min Sum,Full-Contraction,1.0,1302.8272434316852,65,0,1.0
6,Min Sum,Full-Contraction,1.0,1264.9110640673516,70,0,1.0
6,Min Sum,Full-Contraction,1.0,1302.8272434316852,68,0,1.0
6,Min Sum,Full-Contraction,1.0,1188.694051404037,60,0,1.0
6,Min Sum,Full-Contraction,1.0,1080.8516764206674,68,0,1.0
6,Min Sum,Full-Contraction,1.0,1333.9608391554102,74,0,1.0
6,Min Sum,Full-Contraction,1.0,1080.8516764206674,68,0,1.0
6,Min Sum,Full-Contraction,1.0,1207.7619219368491,61,0,1.0
6,Min Sum,Full-Contraction,1.0,942.8090415820635,48,0,1.0
6,Min Sum,Full-Contraction,1.0,956.7451800763997,49,0,1.0
6,Min Sum,Full-Contraction,1.0,1442.0858393617675,72,0,1.0
6,Min Sum,Full-Contraction,1.0,1407.1157772989116,70,0,1.0
6,Min Sum,Full-Contraction,1.0,1100.3365962614719,56,0,1.0
6,Min Sum,Full-Contraction,1.0,1407.1157772989116,70,0,1.0
6,Min Sum,Full-Contraction,1.0,1044.892871927207,53,0,1.0
6,Min Sum,Full-Contraction,1.0,1225.6517540566824,62,0,1.0
6,Min Sum,Full-Contraction,1.0,1276.9409190306699,64,0,1.0
6,Min Sum,Full-Contraction,1.0,1442.0858393617675,72,0,1.0
6,Min Sum,Full-Contraction,1.0,896.4948370288702,51,0,1.0
6,Min Sum,Full-Contraction,1.0,1078.8111219362916,55,0,1.0
6,Min Sum,Full-Contraction,1.0,1078.8111219362913,55,0,1.0
6,Min Sum,Full-Contraction,1.0,1308.024441739777,68,0,1.0
6,Min Sum,Full-Contraction,1.0,1308.024441739777,68,0,1.0
6,Min Sum,Full-Contraction,1.0,1142.289348001475,60,0,1.0
6,Min Sum,Full-Contraction,1.0,1201.903080666718,63,0,1.0
6,Min Sum,Full-Contraction,1.0,931.8233202746076,52,0,1.0
6,Min Sum,Full-Contraction,1.0,1201.903080666718,63,0,1.0
6,Min Sum,Full-Contraction,1.0,1162.7576539884037,61,0,1.0
6,Min Sum,Full-Contraction,1.0,1220.6776507765271,64,0,1.0
6,Min Sum,Full-Contraction,1.0,1252.5580466291829,63,0,1.0
6,Min Sum,Full-Contraction,1.0,921.313171989954,48,0,1.0
6,Min Sum,Full-Contraction,1.0,1397.1971251315722,71,0,1.0
6,Min Sum,Full-Contraction,1.0,1370.009407689613,70,0,1.0
6,Min Sum,Full-Contraction,1.0,1077.716756830372,56,0,1.0
6,Min Sum,Full-Contraction,1.0,1370.009407689613,70,0,1.0
6,Min Sum,Full-Contraction,1.0,1002.2597058777233,51,0,1.0
6,Min Sum,Full-Contraction,1.0,1204.1558844645729,62,0,1.0
6,Min Sum,Full-Contraction,1.0,1252.6047847186164,64,0,1.0
6,Min Sum,Full-Contraction,1.0,1397.1971251315722,71,0,1.0
6,Min Sum,Full-Contraction,1.0,970.4144113173659,51,0,1.0
6,Min Sum,Full-Contraction,1.0,1342.815944814386,68,0,1.0
6,Min Sum,Full-Contraction,1.0,1242.8809341234203,66,0,1.0
6,Min Sum,Full-Contraction,1.0,989.0268270768893,53,0,1.0
6,Min Sum,Full-Contraction,1.0,1242.8809341234203,66,0,1.0
6,Min Sum,Full-Contraction,1.0,989.604823003891,51,0,1.0
6,Min Sum,Full-Contraction,1.0,1094.0694581274001,58,0,1.0
6,Min Sum,Full-Contraction,1.0,1122.5822056439197,60,0,1.0
6,Min Sum,Full-Contraction,1.0,1104.6880674053668,68,0,1.0
6,Min Sum,Full-Contraction,1.0,963.3912531645569,52,0,1.0
6,Min Sum,Full-Contraction,1.0,1002.2197585581938,53,0,1.0
6,Min Sum,Full-Contraction,1.0,1418.2192418595419,77,0,1.0
6,Min Sum,Full-Contraction,1.0,1219.3703625006574,68,0,1.0
6,Min Sum,Full-Contraction,1.0,1472.935195086647,74,0,1.0
6,Min Sum,Full-Contraction,1.0,1386.7985629848583,70,0,1.0
6,Min Sum,Full-Contraction,1.0,1472.935195086647,74,0,1.0
6,Min Sum,Full-Contraction,1.0,1080.8516764206672,61,0,1.0
6,Min Sum,Full-Contraction,1.0,1472.935195086647,74,0,1.0
6,Min Sum,Full-Contraction,1.0,1334.7359755607522,71,0,1.0
6,Min Sum,Full-Contraction,1.0,1142.2377549576445,61,0,1.0
6,Min Sum,Full-Contraction,1.0,1407.3943381821057,71,0,1.0
6,Min Sum,Full-Contraction,1.0,1224.473485528674,65,0,1.0
6,Min Sum,Full-Contraction,1.0,1407.3943381821057,71,0,1.0
6,Min Sum,Full-Contraction,1.0,1075.2639870836235,55,0,1.0
6,Min Sum,Full-Contraction,1.0,1407.3943381821057,71,0,1.0
6,Min Sum,Full-Contraction,1.0,1488.6337032982717,74,0,1.0
6,Min Sum,Full-Contraction,1.0,1092.9971408438084,58,0,1.0
6,Min Sum,Full-Contraction,1.0,1290.2019706710776,64,0,1.0
6,Min Sum,Full-Contraction,1.0,1344.6725000709207,67,0,1.0
6,Min Sum,Full-Contraction,1.0,1458.5852494097924,76,0,1.0
6,Min Sum,Full-Contraction,1.0,1092.9971408438084,55,0,1.0
6,Min Sum,Full-Contraction,1.0,1092.9971408438084,55,0,1.0
6,Min Sum,Full-Contraction,1.0,1217.008732545826,61,0,1.0
6,Min Sum,Full-Contraction,1.0,1092.9971408438084,55,0,1.0
6,Min Sum,Full-Contraction,1.0,1092.9971408438084,55,0,1.0
6,Min Sum,Full-Contraction,1.0,1370.134478063541,69,0,1.0
6,Min Sum,Full-Contraction,1.0,1285.1748951732786,65,0,1.0
6,Min Sum,Full-Contraction,1.0,1285.1748951732786,65,0,1.0
6,Min Sum,Full-Contraction,1.0,1303.7380450265834,68,0,1.0
6,Min Sum,Full-Contraction,1.0,1151.2737892700698,58,0,1.0
6,Min Sum,Full-Contraction,1.0,1228.0698647638537,62,0,1.0
6,Min Sum,Full-Contraction,1.0,1396.7095113103967,72,0,1.0
6,Min Sum,Full-Contraction,1.0,1228.0698647638537,62,0,1.0
6,Min Sum,Full-Contraction,1.0,1135.3196088799696,66,0,1.0
6,Min Sum,Full-Contraction,1.0,1019.7086760658001,65,0,1.0
6,Min Sum,Full-Contraction,1.0,1282.23053965768,69,0,1.0
